1  -5.67324e-14  -1.99698e-13  
2  0.525937  -0.269325  
3  -0.40444  -0.443132  
4  -0.272545  0.474103  
5  0.825382  -0.0977233  
6  -0.509096  -0.124129  
7  -1.10222  0.548547  
8  -0.113311  0.230312  
9  -0.340562  -1.2654  
10  -0.785134  -0.393414  
11  0.140796  0.269785  
12  0.442482  -0.5946  
13  -0.429629  -0.897857  
14  -0.688811  -0.885349  
15  0.258954  -0.628785  
16  -0.628951  -1.13688  
17  -0.347303  -0.8842  
18  0.307705  -0.562691  
19  -0.198968  -0.254209  
20  -0.841007  0.370912  
21  0.019039  -0.044965  
22  0.152601  0.0354247  
23  0.557096  0.174067  
24  0.627437  -0.252737  
25  -0.0999391  0.426191  
26  0.631542  -0.298487  
27  0.481389  -0.633755  
28  -0.238945  0.0803837  
29  0.895725  -0.0569659  
30  0.179487  -0.46548  
31  -0.195921  0.158292  
32  1.43593  0.551577  
33  -0.0287521  0.18233  
34  0.591427  -0.528298  
35  0.637648  0.0969828  
36  -0.251585  -0.293682  
37  -0.166967  -0.88178  
38  0.226282  -1.12241  
39  -0.405449  -0.970856  
40  -0.161066  -1.29685  
41  0.284015  -1.06431  
42  -0.265968  -0.463316  
43  0.381888  -0.174686  
44  0.418936  0.217303  
45  0.327462  0.843384  
46  0.251538  1.28751  
47  0.572334  1.3634  
48  -0.116327  0.99212  
49  0.435897  0.362311  
50  -0.350748  0.493935  
51  -1.05086  -0.249161  
52  -0.288008  -0.617934  
53  -0.814528  -0.196123  
54  -1.38007  -1.4996  
55  -0.430343  0.00192495  
56  -0.20469  0.345931  
57  -0.132101  0.647912  
58  0.939141  0.369845  
59  -0.692917  0.379621  
60  -0.335117  1.07478  
61  0.0418853  0.204915  
62  0.555914  0.627161  
63  -0.426971  -0.327433  
64  -0.60421  0.164452  
65  -0.756571  0.180152  
66  -0.7112  -0.400366  
67  -0.792311  -1.00246  
68  -0.353193  -1.08144  
69  -0.859177  -0.129914  
70  0.0969857  -0.435001  
71  -0.0793168  -0.819562  
72  -0.62039  -1.58166  
73  -2.81597  0.181176  
74  0.0251402  -0.152117  
75  0.0106378  -1.36768  
76  -0.624546  0.0219354  
77  0.867323  1.121  
78  0.441084  -0.642496  
79  -0.041097  -0.589879  
80  -0.555423  -0.540111  
81  -0.0263901  -3.56422  
82  -0.0756141  -0.70187  
83  -0.41701  -0.209774  
84  0.531551  -0.977477  
85  1.21732  0.624388  
86  -0.488408  0.350852  
87  0.387559  0.83937  
88  0.653508  0.526471  
89  0.649717  -0.314335  
90  0.428887  0.245158  
91  0.124116  -0.160662  
92  0.613592  -0.589595  
93  0.530363  -0.890971  
94  -0.153261  -0.571795  
95  0.0683915  0.153392  
96  1.41816  -0.067977  
97  0.157161  -0.5566  
98  -0.395459  0.665418  
99  0.803826  -0.490214  
100  0.134586  0.0725027  
101  0.585443  -0.47968  
102  0.232004  -2.42187  
103  -0.112552  -0.0217591  
104  -0.0670416  -0.343771  
105  -0.168402  -1.05257  
106  -0.744667  -2.29881  
107  0.101747  -2.3582  
108  -0.718656  -2.01142  
109  -0.701925  -2.41337  
110  -0.471379  -1.84302  
111  -0.00436556  0.243585  
112  -0.477629  -0.629376  
113  0.0841715  -1.19462  
114  -0.0158689  0.0621391  
115  -0.885249  -0.0357071  
116  0.664171  0.489778  
117  0.375842  1.0181  
118  -0.114566  0.537053  
119  0.437934  0.983725  
120  0.587839  0.83935  
121  -0.172973  -0.629461  
122  -0.0645193  0.0677791  
123  -0.63907  -0.177499  
124  0.407962  -0.842262  
125  -0.345311  -1.81211  
126  -0.30637  -1.47923  
127  0.0946602  -1.64344  
128  -0.270643  -1.56766  
129  -0.195118  -1.50886  
130  -0.168355  -0.682919  
131  0.168053  -0.388671  
132  0.11865  -0.535165  
133  -0.479325  -0.294649  
134  0.175636  -0.105252  
135  0.0988478  -0.661043  
136  -0.583331  -0.0740005  
137  0.0900811  -0.254177  
138  0.189702  -1.05186  
139  -0.104498  -0.730845  
140  -0.320426  -0.619273  
141  -0.403285  -0.847356  
142  -0.13164  -1.03567  
143  -0.23584  -1.1089  
144  -0.508234  -0.710896  
145  -0.33459  -0.792029  
146  0.193699  -1.05082  
147  -0.550925  -0.785604  
148  0.0570436  -0.461805  
149  0.421006  -0.485339  
150  0.0298766  -0.420567  
151  -0.356044  0.364977  
152  -0.189646  -0.282177  
153  -0.393191  -0.707523  
154  -0.274935  -0.635899  
155  -0.289539  -1.70068  
156  -0.0231259  -1.86497  
157  -0.438249  -1.76024  
158  -0.123556  -3.34318  
159  -0.213115  -0.385863  
160  -1.32434  0.0434099  
161  -0.0925994  0.194875  
162  -0.0102508  0.520618  
163  0.920869  -0.444424  
164  -0.726757  -0.252485  
165  -0.756602  0.0391165  
166  0.173223  -1.03441  
167  -0.259032  -0.774968  
168  -0.547862  -0.283233  
169  -0.364748  -0.587637  
170  -0.176302  -0.914897  
171  -0.10422  -1.0281  
172  -1.02311  -0.842422  
173  -0.530553  -0.771092  
174  0.278003  -0.635625  
175  -0.397031  -0.379008  
176  0.0939694  -1.20114  
177  -0.147059  -0.541057  
178  -0.317825  -0.618288  
179  -0.0289062  -0.583348  
180  0.619934  -0.928174  
181  -0.0796964  -0.385844  
182  0.056606  -0.517664  
183  0.416026  -0.785476  
184  -0.182635  -0.717578  
185  -0.18704  -0.774654  
186  0.25758  -0.979004  
187  0.0103944  -0.948982  
188  -0.489995  -0.690315  
189  0.0741725  -1.03278  
190  0.0300401  -0.710597  
191  -0.41234  -0.594229  
192  0.24612  -0.707453  
193  -0.0506154  -0.891821  
194  -0.364704  -0.690651  
195  -0.114575  -0.183795  
196  -0.142518  -1.81126  
197  -0.413394  -0.393764  
198  -0.024672  -0.244872  
199  0.167485  -0.969671  
200  -0.15851  -1.06553  
201  -0.731466  -0.823681  
202  0.378345  -0.244287  
203  -0.424225  -0.686894  
204  -0.933557  -1.82693  
205  0.897851  -0.998811  
206  -1.00939  -1.21717  
207  -0.634808  -1.79361  
208  0.598779  -1.35483  
209  -0.174581  -1.70396  
210  0.00212132  -4.47348  
211  0.123734  0.288422  
212  -0.09999  -2.02658  
213  -0.566396  -2.30054  
214  -0.374238  -1.16947  
215  0.580812  -1.19608  
216  -0.328035  -1.4948  
217  -0.0644769  -0.591332  
218  0.735599  -0.491925  
219  -0.663493  -0.865401  
220  -0.112496  -0.666573  
221  0.147038  -1.06088  
222  -0.975737  -2.05548  
223  -0.803232  -1.14653  
224  0.258443  -0.837415  
225  -0.393706  -1.68362  
226  -0.598696  -0.944955  
227  0.44488  -1.50779  
228  -0.749177  -1.74092  
229  -0.284456  -1.27811  
230  0.106082  -1.38822  
231  -0.504941  -1.39337  
232  -0.0954838  -1.06104  
233  0.734772  -0.705557  
234  0.126876  -0.674452  
235  0.383493  0.0678016  
236  0.581152  0.153037  
237  0.317805  -0.630509  
238  -0.00028819  -0.389101  
239  0.419456  -0.848751  
240  -1.19271  -1.35096  
241  -0.140433  -1.2231  
242  0.41442  -1.61879  
243  -0.416293  -2.6379  
244  0.196449  -1.15776  
245  0.55179  -1.58304  
246  -0.0822404  -0.433035  
247  0.0418082  -0.150181  
248  0.738968  -0.468676  
249  0.649071  -0.398828  
250  0.487649  0.466439  
251  -0.271672  -1.25065  
252  0.241635  -1.62649  
253  -0.647001  -1.85028  
254  0.165187  -1.35746  
255  -0.854741  -1.32529  
256  -0.291134  -1.43884  
257  -1.47423  -0.273094  
258  0.726305  -0.625323  
259  0.161019  -0.229501  
260  0.382355  0.557388  
261  -0.244357  1.17994  
262  1.24099  0.0951476  
263  0.244651  -0.926043  
264  0.467166  -1.22936  
265  -0.860661  -1.37185  
266  1.06161  -0.818794  
267  0.212145  -1.03431  
268  0.86351  -0.848811  
269  1.19096  -0.719626  
270  0.186934  -1.26222  
271  0.326548  -0.662774  
272  1.30422  -0.687888  
273  -0.742599  -0.748768  
274  1.36988  -0.912672  
275  1.06539  -0.91538  
276  0.277821  -0.990516  
277  0.483873  -1.03739  
278  -1.99348  -1.87227  
279  -0.522822  -0.805921  
280  0.143297  -2.07792  
281  -0.435616  -1.40207  
282  0.0337091  -0.719662  
283  0.354246  -0.408629  
284  0.566626  -0.731586  
285  0.360258  0.433457  
286  0.207619  0.37785  
287  0.416479  0.618097  
288  0.354642  0.444395  
289  0.693829  -0.703481  
290  0.599384  -1.23285  
291  -0.415966  -1.14186  
292  -0.326475  -1.9842  
293  0.375434  -0.401193  
294  0.672927  -0.262062  
295  1.39186  0.951942  
296  -0.294477  0.108503  
297  -0.432376  -0.133642  
298  -2.78236  0.119664  
299  -0.863206  2.34591  
300  -2.50908  -2.32788  
301  -1.88134  -2.18451  
302  0.176418  -0.787639  
303  0.527187  -1.04217  
304  -0.383039  -0.858203  
305  0.672377  -0.166987  
306  0.762527  -1.18266  
307  0.155379  -0.849832  
308  0.595474  0.171156  
309  1.34044  -0.557548  
310  0.0573382  -0.98876  
311  1.20036  -0.556356  
312  0.624821  -0.913806  
313  0.219717  -0.823319  
314  0.567727  -1.56348  
315  -0.580013  -0.886887  
316  -0.130021  -1.05456  
317  1.26799  0.195125  
318  0.352437  -0.249192  
319  0.557892  0.0813854  
320  0.811648  -0.447527  
321  -0.655334  -0.0816921  
322  0.44367  -0.128222  
323  0.824037  -1.02376  
324  0.89751  3.43985  
325  1.14777  0.036306  
326  -0.262981  -1.05207  
327  0.135919  -0.827965  
328  0.456825  -1.22027  
329  -1.02121  0.753418  
330  0.196507  -1.31125  
331  -3.48699  -1.70403  
332  -1.14592  -0.888897  
333  -0.185214  -1.11314  
334  0.44953  -1.79474  
335  -0.0616703  -1.21726  
336  0.175078  -1.20446  
337  -0.869743  -0.993594  
338  0.760733  -1.2369  
339  -0.208854  -0.566947  
340  -0.315102  -1.34579  
341  0.445809  -0.54763  
342  0.328145  -1.37729  
343  -1.13361  -0.391477  
344  0.658737  -0.206433  
345  -0.309251  -0.99291  
346  -0.699961  -1.07088  
347  -1.66555  -0.736122  
348  -1.04368  -1.11029  
349  -0.861919  -0.911181  
350  0.356117  -1.5382  
351  -0.192157  -0.775711  
352  1.00262  -1.29935  
353  0.0999413  -1.00543  
354  0.416385  -1.11495  
355  0.74435  -0.735104  
356  -0.18816  -0.94409  
357  1.27087  -0.844128  
358  0.393008  -1.25887  
359  0.656502  -0.585429  
360  0.023326  -0.514125  
361  0.545326  -0.857704  
362  -0.24171  -1.75561  
363  0.165819  -1.34769  
364  -0.368324  -1.18291  
365  0.911842  -0.72596  
366  0.053483  -1.56777  
367  -0.382622  0.0725193  
368  -0.51628  -0.560011  
369  -1.49585  -2.38088  
370  -0.26488  -1.09839  
371  0.396377  -0.699352  
372  -0.121974  -1.13739  
373  0.468427  -0.882274  
374  0.0200681  -0.793354  
375  0.0420964  -0.778327  
376  0.278258  -0.702005  
377  0.0500514  -0.173936  
378  1.26099  0.456872  
379  -1.33759  -0.808839  
380  -1.27039  -1.09368  
381  -1.9175  0.840852  
382  -0.327951  -0.830209  
383  -1.63188  -0.656286  
384  -0.249297  -0.525588  
385  -0.383101  -0.375637  
386  0.78063  -1.05689  
387  0.208718  -1.04156  
388  -1.62973  -0.781865  
389  -2.20816  0.0143347  
390  -2.40344  -0.797193  
391  1.24124  7.44104  
392  6.50079  10.2743  
393  -2.27986  -0.463411  
394  -1.24871  -1.0055  
395  -0.424997  -0.617713  
396  -0.599457  -0.135816  
397  0.350445  0.15976  
398  0.4413  0.606166  
399  0.921743  -0.73148  
400  2.59514  1.03194  
401  -0.612272  -1.66758  
402  1.47262  -0.555449  
403  -0.455294  -1.99574  
404  0.377556  -0.993205  
405  0.323482  -0.777662  
406  0.155872  -1.30103  
407  1.01407  -0.188179  
408  0.163784  -0.0579607  
409  0.501094  -0.83526  
410  0.19361  -0.0556607  
411  0.0462059  -1.27973  
412  -0.121131  -1.22782  
413  -2.78993  -0.943728  
414  -1.62068  -2.55266  
415  -1.29409  -1.97613  
416  -0.64384  -1.19877  
417  0.599174  -1.15263  
418  -0.72245  -0.702339  
419  -0.976868  -1.49662  
420  0.389291  -0.376824  
421  0.0842918  -1.22689  
422  0.522048  -0.796157  
423  -0.228393  -0.676709  
424  -0.794128  -1.12222  
425  -1.491  -0.290386  
426  -2.84058  -1.31361  
427  -2.53036  0.112722  
428  -2.02731  -0.130554  
429  -0.526766  -0.992576  
430  -1.03074  -0.489726  
431  -2.27562  -1.03569  
432  -4.09182  1.39216  
433  -7.04199  14.3659  
434  -1.49945  -0.671159  
435  -2.13453  -0.526428  
436  -5.08618  -1.32827  
437  -1.39988  -0.850605  
438  -2.60984  -0.501247  
439  -5.85269  0.781757  
440  -1.74995  -0.866691  
441  -2.32834  -0.600799  
442  -3.43714  -0.371083  
443  -3.27332  0.349492  
444  -4.26478  -1.28055  
445  -3.81358  0.0439459  
446  -2.73651  0.17857  
447  -2.66186  -1.95128  
448  -1.53906  -0.579508  
449  -0.388843  -0.63249  
450  -1.51039  -0.66591  
451  -0.611917  -0.713982  
452  -1.40428  -0.723555  
453  -1.91174  -0.296464  
454  -2.85856  -0.0308381  
455  -3.05576  0.00676823  
456  -5.59919  -0.115428  
457  -3.90829  -1.08059  
458  -1.85637  -0.585819  
459  -2.058  -0.819724  
460  -2.91985  0.511545  
461  -3.15996  -1.48663  
462  -10.5298  2.48352  
463  -1.97731  -1.07076  
464  -3.21112  -2.05733  
465  -2.0509  -1.34177  
466  -1.23768  -1.50362  
467  -1.02673  -0.58168  
468  -1.74442  -0.893291  
469  0.561169  -0.756173  
470  -3.36217  1.17472  
471  0.845266  -1.0315  
472  0.783887  -0.800256  
473  -1.78364  -0.834028  
474  -1.88672  -1.32498  
475  -2.71459  -1.97774  
476  -4.63043  -0.874709  
477  -2.72208  -1.07409  
478  -3.48965  -1.864  
479  -3.5498  -1.90085  
480  -2.36107  -0.902692  
481  -1.1356  -0.88053  
482  -1.76318  -0.0826798  
483  -1.67255  -1.12676  
484  -1.49831  -0.572177  
485  -2.36127  -1.23537  
486  -1.16854  -0.405484  
487  -1.93404  -0.526242  
488  -1.19879  -0.236774  
489  -1.81968  -0.474464  
490  -2.17603  -0.160511  
491  -1.74127  -0.83545  
492  -1.9896  -0.423353  
493  -2.49486  -0.604082  
494  -4.79504  -1.05089  
495  -2.39819  -1.43486  
496  -2.11973  -1.18096  
497  -3.01728  -1.56758  
498  -1.06063  -0.785084  
499  -1.25311  -1.26192  
500  -3.88701  -0.421927  
501  -1.73641  -0.214587  
502  -0.445489  -0.376376  
503  -1.07294  0.37999  
504  -1.68108  -0.213736  
505  -0.323171  -0.0409067  
506  -1.52827  -0.320796  
507  -1.19534  -0.656473  
508  -1.51333  -0.43209  
509  -1.51303  -1.27457  
510  -1.22194  0.100804  
511  -1.40762  -0.805037  
512  -0.686087  -0.497408  
513  -1.7944  -0.120628  
514  -1.33809  -1.20219  
515  -1.23184  -0.823527  
516  -1.50007  -1.09868  
517  -1.44384  -2.33952  
518  -1.24642  -0.263394  
519  -1.00301  -1.47583  
520  -1.05105  -0.765474  
521  -1.34385  -0.813822  
522  -0.606107  -0.852736  
523  -0.415071  -0.632756  
524  -1.60706  -0.849444  
525  -1.13427  -1.01368  
526  0.0166452  -0.456009  
527  -1.06565  -0.923506  
528  -0.159078  -0.780114  
529  -0.644081  -0.0217843  
530  -0.61127  -0.803074  
531  -0.20006  -0.41528  
532  -1.29117  -0.674398  
533  -3.24685  -0.445495  
534  -1.74028  -0.946358  
535  -0.497647  -0.925396  
536  -1.22457  -0.637017  
537  -0.384141  -0.639812  
538  -0.948051  -0.656918  
539  -1.28212  -1.52152  
540  -0.678724  -0.698751  
541  -1.67585  -1.07737  
542  -0.672093  -1.35891  
543  -0.964837  0.0255465  
544  -0.594161  -0.488698  
545  -0.489439  -0.34742  
546  -1.33619  -0.583423  
547  -0.556922  0.433088  
548  -1.9412  -0.978738  
549  -4.23815  -0.159594  
550  -3.22071  -0.941576  
551  -1.71467  -1.30956  
552  -1.85078  -0.705354  
553  -1.10445  -1.31294  
554  -1.57981  -0.512372  
555  -1.28371  -0.931498  
556  -3.83665  -3.34176  
557  -3.17609  -0.877798  
558  -2.07834  -1.73733  
559  -1.85478  -0.464191  
560  -0.839193  -0.893179  
561  -0.739797  -0.323136  
562  -1.61289  -0.805692  
563  -0.823475  -0.707964  
564  -2.20793  -1.33785  
565  -2.54098  -2.91442  
566  -1.90685  -0.575018  
567  -1.898  -1.22099  
568  -1.68013  -0.909649  
569  -1.91495  -0.772317  
570  -4.08666  -0.460056  
571  -5.06065  -0.210592  
572  -4.26994  0.508534  
573  -3.31329  -1.70743  
574  -1.52655  -1.09515  
575  -1.54527  -0.467638  
576  -1.80411  -1.67936  
577  -2.61142  -1.65584  
578  -1.4566  -0.798477  
579  -1.51417  -0.442036  
580  -2.25857  -0.48644  
581  -1.41524  0.0943808  
582  -3.18043  -0.538064  
583  -2.19558  -1.25992  
584  -2.15235  -0.334742  
585  -1.93395  -1.66727  
586  -1.68706  -0.752284  
587  -1.53977  -1.11335  
588  -1.36163  -1.28759  
589  -1.53662  -0.116249  
590  -0.895341  -1.36435  
591  -2.32071  -0.284971  
592  -2.1076  -0.613121  
593  -1.62436  -1.46112  
594  -1.75881  0.0142907  
595  -1.37972  -0.733518  
596  -1.60929  -1.99677  
597  -3.06233  -0.154543  
598  -3.87918  -0.776517  
599  -1.87948  -2.60254  
600  -6.05161  0.162584  
601  -3.68037  -0.696991  
602  -1.05248  -1.15968  
603  -2.11959  -0.837398  
604  -2.51046  -0.182739  
605  -1.97061  -0.556815  
606  -9.81585  -0.965475  
607  -3.49274  -0.918234  
608  -1.69529  -0.610931  
609  -1.62987  -1.01303  
610  -1.9915  -0.130191  
611  -2.06317  -0.947607  
612  -2.07385  -1.21074  
613  -2.35968  0.256499  
614  -2.48211  -0.390919  
615  -4.15035  -0.901776  
616  -6.27236  8.97701  
617  -2.33313  -1.46821  
618  -2.30878  -0.444948  
619  -2.16492  -1.1766  
620  -1.17398  -1.27207  
621  -2.52521  -0.843362  
622  -1.25128  -1.17961  
623  -2.19065  -1.10661  
624  -2.16211  -0.584308  
625  -3.74509  -1.86098  
626  -3.51569  -1.77597  
627  -3.93604  -1.45822  
628  -2.00166  -0.82866  
629  -1.78695  -1.66551  
630  -1.5433  -0.606472  
631  -1.44979  -0.629291  
632  -0.772993  -0.810727  
633  -2.63475  -0.634358  
634  -6.35686  -0.130895  
635  -3.16486  -0.524848  
636  -2.656  -0.709495  
637  -11.1137  2.35678  
638  -4.67962  -1.10869  
639  -1.59518  -1.70972  
640  -2.36481  -1.03301  
641  -1.41159  -2.04928  
642  -1.50988  -0.268851  
643  -1.36917  -0.844619  
644  -0.202412  -0.437924  
645  -1.7321  -0.125262  
646  -1.03791  -0.805538  
647  -0.600284  0.364565  
648  -0.795286  -1.18033  
649  -1.42634  -0.552487  
650  -1.88342  -0.56583  
651  -1.0788  -1.43159  
652  -1.36227  -1.10326  
653  -1.67332  -0.681008  
654  -2.14409  -1.09385  
655  -0.907906  -1.53879  
656  -1.46224  -0.53806  
657  -1.12683  -0.662925  
658  -1.37532  -1.70587  
659  -2.08347  0.221697  
660  -0.951585  -0.679715  
661  -1.7067  -0.223456  
662  -1.52641  0.762868  
663  -1.96383  -0.540806  
664  -0.881376  0.766938  
665  -1.58944  0.0463395  
666  -0.709584  -0.468473  
667  -1.63812  -0.383794  
668  -2.33809  -0.739971  
669  -5.31176  -1.53957  
670  -6.54113  -2.09434  
671  -3.63249  -0.557093  
672  -2.74801  -1.41786  
673  -3.38926  -1.37885  
674  -5.95791  -1.0453  
675  -2.74014  -1.49478  
676  -3.01225  -0.744032  
677  -2.26928  -1.41123  
678  -4.29858  -0.558124  
679  -3.68017  -0.975202  
680  -3.53683  -1.22015  
681  -2.38454  -0.439834  
682  -3.59005  -0.139614  
683  -2.78024  -0.726947  
684  -5.14139  -2.61597  
685  -3.45055  -0.806153  
686  -2.08023  -0.646052  
687  -2.77442  -0.563224  
688  -2.4382  -0.44906  
689  -1.56584  -0.224509  
690  -1.13224  -1.25257  
691  -2.16172  -1.36187  
692  -2.3109  -0.595657  
693  -4.8262  -0.963277  
694  -2.53987  0.0311657  
695  -2.36818  0.0231818  
696  -2.00377  -0.682545  
697  -0.0698209  -0.524154  
698  -1.98935  -1.85622  
699  -0.581211  -1.22239  
700  -0.471946  -1.21867  
701  -1.07394  -1.06396  
702  -1.16025  -0.574533  
703  -1.64258  -0.744725  
704  -1.53393  -0.12014  
705  -1.91885  -1.03915  
706  -2.25753  -1.09875  
707  -1.50666  -0.799174  
708  -1.33431  -1.47582  
709  -1.71247  -1.19674  
710  -2.44976  -1.37278  
711  -1.59792  -1.35321  
712  -1.71316  -0.609651  
713  -2.97116  -1.68577  
714  -1.70621  -0.721956  
715  -1.68301  -1.18428  
716  -1.5248  -1.53464  
717  -1.8515  -1.49074  
718  -1.70216  -0.932101  
719  -2.28212  -1.54044  
720  -2.09983  -1.28211  
721  -3.58753  -0.812122  
722  -3.51699  -1.3099  
723  -3.08411  -1.40106  
724  -4.69297  -1.86951  
725  -4.37337  -0.561146  
726  -2.96432  -1.54247  
727  -2.42214  -0.910125  
728  -2.63499  -1.09695  
729  -1.78614  -0.7995  
730  -1.3292  -1.22106  
731  -1.7498  -0.847176  
732  -2.35936  -1.97196  
733  -2.5229  -1.01338  
734  -4.52942  -0.982408  
735  -2.73047  -1.26742  
736  -1.98901  -1.30859  
737  -2.72678  -1.24952  
738  -3.81379  -1.37694  
739  -5.98209  -0.257528  
740  -3.95094  -1.19786  
741  -3.14857  -1.42763  
742  -3.17456  -0.717392  
743  -2.82093  -1.76906  
744  -4.23738  -1.45179  
745  -2.91495  -1.72063  
746  -2.56813  -0.994528  
747  -5.18705  0.148153  
748  -4.80674  -1.65965  
749  -4.76919  -1.18344  
750  -3.81001  -1.39461  
751  -2.66918  -1.91939  
752  -1.86643  -1.24889  
753  -1.32561  -1.64341  
754  -1.7408  -1.75598  
755  -1.37271  -0.749133  
756  -1.53504  -1.92275  
757  -1.9756  -0.558104  
758  -4.40962  -0.548445  
759  -2.79682  -1.59229  
760  -2.61966  -0.836432  
761  -1.41456  -1.46426  
762  -0.995615  -1.32139  
763  -1.60876  -1.44824  
764  -1.28056  -0.314935  
765  -1.21297  -1.72094  
766  -1.39171  -1.04094  
767  -1.96608  -1.87302  
768  -2.17519  -0.866017  
769  -2.4887  -1.73617  
770  -2.07319  -1.08534  
771  -2.37228  -1.20589  
772  -2.22879  -1.30277  
773  -2.94384  -0.934529  
774  -2.87716  -0.606608  
775  -2.69725  -1.39604  
776  -3.98237  -0.744985  
777  -4.89094  -0.744924  
778  -5.75484  -2.17774  
779  -3.34157  -0.213316  
780  -3.63681  -2.79648  
781  -4.13262  -2.0105  
782  -4.36036  -2.02883  
783  -3.20811  -1.79225  
784  -2.21314  -0.790294  
785  -3.51931  -1.29471  
786  -2.43495  -0.963418  
787  -3.12351  -1.03561  
788  -5.10074  -0.597356  
789  -5.71827  -0.397569  
790  -3.40608  -1.14961  
791  -3.66689  -0.886095  
792  -2.44664  -0.201312  
793  -2.77222  -1.00934  
794  -3.06437  -0.241219  
795  -4.83309  -0.996172  
796  -2.25528  -0.284692  
797  -3.66397  -1.30148  
798  -5.44117  -0.573568  
799  -5.00612  -1.30611  
800  -8.07401  -1.13995  
801  -3.62844  -0.721311  
802  -2.89887  -1.06526  
803  -3.14707  -0.460748  
804  -3.3969  -0.831898  
805  -2.69232  -0.516851  
806  -3.23069  -0.700362  
807  -2.19611  -0.502306  
808  -3.78433  -0.983827  
809  -2.39848  0.187435  
810  -3.74906  -1.2092  
811  -4.06612  -0.919653  
812  -4.32781  -1.57741  
813  -3.20897  -1.66083  
814  -3.15423  0.575599  
815  -3.6655  -1.26138  
816  -3.57532  -0.238451  
817  -2.28544  -1.00268  
818  -3.36388  -0.791072  
819  -3.81302  -1.71894  
820  -2.938  -0.620452  
821  -3.09879  -0.912731  
822  -2.699  -0.439483  
823  -3.0757  -1.7055  
824  -2.77669  -0.681852  
825  -3.11291  -0.879205  
826  -3.35894  -1.50878  
827  -3.88842  -0.401448  
828  -4.83252  -1.72792  
829  -4.61014  -2.16958  
830  -6.40647  -3.19555  
831  -4.83221  -2.77316  
832  -3.91115  -1.02862  
833  -5.54182  -0.731052  
834  -4.43833  -1.53543  
835  -4.29587  -1.73561  
836  -4.71807  -1.07584  
837  -5.31742  -1.06757  
838  -6.58117  -0.713759  
839  -5.2005  -2.20756  
840  -4.77165  -1.74867  
841  -2.87483  -0.996965  
842  -4.04243  -1.40267  
843  -3.88647  -0.840577  
844  -4.17679  -1.63025  
845  -4.21575  -1.91868  
846  -4.43682  -1.3792  
847  -3.54966  -1.41234  
848  -2.46838  -0.65316  
849  -2.53978  -0.943239  
850  -3.49594  -0.972115  
851  -4.36647  -1.18747  
852  -4.6696  -1.13335  
853  -3.71431  -0.466098  
854  -4.10629  -0.205222  
855  -4.18266  -0.518415  
856  -4.14063  -0.662934  
857  -4.93308  -0.368302  
858  -4.36206  -1.3842  
859  -4.81486  -0.813921  
860  -5.01286  -0.987111  
861  -5.44868  -2.62443  
862  -7.75819  -1.33032  
863  -7.40888  0.0360101  
864  -4.56279  -1.47473  
865  -5.47137  -1.09357  
866  -2.3791  -0.493202  
867  -3.60212  -0.82532  
868  -3.22884  -0.283305  
869  -3.21258  -0.722004  
870  -2.96401  -0.242683  
871  -4.0668  0.195989  
872  -3.45131  -0.434345  
873  -7.50764  1.62058  
874  -4.5482  -1.26174  
875  -3.44276  0.164157  
876  -1.94375  0.479444  
877  -2.23366  -0.49514  
878  -2.72417  -0.00501358  
879  -2.35401  -0.893635  
880  -2.67316  -0.328065  
881  -2.75291  -0.422681  
882  -2.56737  0.307994  
883  -3.21599  -2.69796  
884  -3.51021  -2.48043  
885  -3.23469  -0.817718  
886  -2.7907  -1.21798  
887  -3.24317  -0.487909  
888  -2.25707  0.203536  
889  -3.44201  -0.883474  
890  -3.33876  -0.506017  
891  -2.72387  -0.784702  
892  -6.60852  1.9191  
893  -3.70258  0.77047  
894  -3.3525  -0.036339  
895  -4.57679  0.893745  
896  -3.93189  -0.368809  
897  -5.0008  -0.841996  
898  -3.53715  -0.764834  
899  -2.40452  0.299775  
900  -2.48378  -0.540785  
901  -2.44072  0.342363  
902  -2.50068  -0.718522  
903  -2.1698  -0.725658  
904  -3.00394  -0.40405  
905  -3.02011  -1.23159  
906  -2.84337  -0.00190822  
907  -3.30976  -1.19386  
908  -3.35858  0.037993  
909  -3.92918  -1.85776  
910  -5.30845  -1.84715  
911  -8.55274  0.213593  
912  -5.07638  -1.13088  
913  -4.36163  -2.12415  
914  -2.98283  -0.30371  
915  -3.3743  -0.267557  
916  -3.01016  -0.718454  
917  -2.8459  0.624043  
918  -2.90575  -0.962529  
919  -3.15193  0.311044  
920  -4.40422  0.598212  
921  -3.42844  -1.05204  
922  -4.44306  1.27182  
923  -6.25925  0.267826  
924  -7.98347  -0.148549  
925  -7.63201  0.266809  
926  -7.25605  -0.947777  
927  -5.56519  -1.14651  
928  -3.66289  -1.56773  
929  -4.2904  -1.94808  
930  -4.62648  -0.131905  
931  -3.12865  -1.09661  
932  -4.20877  -0.676165  
933  -3.89777  -0.858205  
934  -2.93744  -1.17215  
935  -2.51367  0.458372  
936  -5.31472  -0.467832  
937  -3.23941  -0.819762  
938  -4.78295  -1.0411  
939  -4.23465  -0.377324  
940  -3.3984  -1.48867  
941  -4.24036  0.634201  
942  -3.79319  -1.60219  
943  -3.61116  -0.932496  
944  -6.33511  -0.985596  
945  -6.41333  -0.617137  
946  -5.35673  -0.607511  
947  -9.62382  2.34295  
948  -6.92785  15.4238  
949  -3.1679  -1.39596  
950  -6.51466  -0.501005  
951  -4.40827  -1.48637  
952  -4.18697  -0.0943681  
953  -2.86854  -0.923989  
954  -3.64635  -0.180634  
955  -3.09478  0.307615  
956  -2.61018  -0.341878  
957  -3.84761  0.539883  
958  -2.17413  -5.45723  
959  -3.08478  0.000150959  
960  -3.74764  -1.42195  
961  -3.18906  -1.03528  
962  -3.59808  -0.29341  
963  -4.75185  -1.85897  
964  -3.89862  -0.053121  
965  -1.44003  5.19294  
966  -4.73795  -0.836326  
967  -4.87505  -0.552622  
968  -4.20914  -0.814956  
969  -3.53157  0.0415835  
970  -2.85115  -2.14606  
971  -3.14017  0.0730202  
972  -5.87502  -0.625708  
973  -2.84267  -1.63945  
974  -4.51942  -0.775673  
975  -3.44088  -3.65162  
976  -4.65844  -0.991161  
977  -3.87059  -1.69302  
978  -5.68411  -2.66141  
979  -6.35861  -0.390591  
980  -4.01415  -2.36448  
981  -6.0091  -0.701782  
982  -4.23902  -0.557665  
983  -3.1466  -0.487863  
984  -3.56613  -0.212868  
985  -2.23075  -1.17435  
986  -3.2429  -0.0150004  
987  -2.96849  -0.95469  
988  -2.25066  -0.266297  
989  -3.56305  0.0699344  
990  -1.4075  -0.669073  
991  -2.52841  0.54666  
992  -2.80101  0.0192151  
993  -1.71675  0.260215  
994  -2.74648  -0.0241693  
995  -2.20767  -0.808583  
996  -2.25786  0.00758827  
997  -3.8342  -0.947878  
998  -1.75856  -0.400646  
999  -3.04839  -0.0307843  
1000  -6.11655  1.35862  
1001  -1.73263  1.27047  
1002  -2.55082  -0.412155  
1003  -5.21332  -0.765704  
1004  -2.76205  -0.732542  
1005  -3.37088  0.492678  
1006  -1.69496  -1.34745  
1007  -3.15854  -0.938572  
1008  -3.05542  -0.0860988  
1009  -1.93375  -1.01855  
1010  -5.01132  -0.843729  
1011  -2.56401  -0.870661  
1012  -1.29346  0.774431  
1013  -3.43507  -0.406398  
1014  -1.86849  -0.448557  
1015  -2.29456  0.193822  
1016  -2.93376  -0.0329828  
1017  -1.92404  -1.20874  
1018  -2.29557  -0.200728  
1019  -3.4821  -0.728854  
1020  -1.604  -0.389421  
1021  -1.604  -0.389421  
1022  0.433368  -0.174987  
1023  -0.642886  -0.588658  
1024  -0.586122  0.584874  
1025  0.599894  0.0470827  
1026  -0.610465  -0.118691  
1027  -1.39  0.663332  
1028  0.13109  0.478259  
1029  -0.205698  -1.24973  
1030  -1.18653  -0.546283  
1031  -0.0773243  0.119758  
1032  0.0935261  -0.508873  
1033  -0.754024  -0.956223  
1034  -1.41491  -1.06039  
1035  -0.243295  -0.733975  
1036  -1.35713  -1.38327  
1037  -0.0594883  -1.18804  
1038  0.324233  -0.537137  
1039  -0.479318  -0.349344  
1040  -0.913226  0.376196  
1041  0.0603781  -0.0494181  
1042  0.15147  0.00985377  
1043  0.574133  0.175578  
1044  0.639583  -0.241375  
1045  -0.0741919  0.424543  
1046  0.644854  -0.286134  
1047  0.492213  -0.610691  
1048  -0.169486  0.109082  
1049  0.905912  -0.0509068  
1050  0.20821  -0.411727  
1051  -0.163687  0.158259  
1052  1.43555  0.535019  
1053  0.00614155  0.193223  
1054  0.596689  -0.518078  
1055  0.628695  0.0624959  
1056  -0.213693  -0.238112  
1057  -0.147224  -0.854969  
1058  0.239251  -1.08775  
1059  -0.38134  -0.940992  
1060  -0.145506  -1.26083  
1061  0.294041  -1.03508  
1062  -0.238505  -0.440348  
1063  0.398047  -0.16475  
1064  0.481545  0.245526  
1065  0.353741  0.82853  
1066  0.180396  1.27816  
1067  0.605129  1.33491  
1068  -0.0643607  0.974198  
1069  0.461823  0.36131  
1070  -0.26154  0.512565  
1071  -0.99608  -0.23365  
1072  -0.256035  -0.60422  
1073  -0.77394  -0.179127  
1074  -1.33517  -1.45986  
1075  -0.388274  0.00366417  
1076  -0.163734  0.354065  
1077  -0.0977144  0.635648  
1078  0.954343  0.35983  
1079  -0.64718  0.380044  
1080  -0.291282  1.05794  
1081  0.0764641  0.251954  
1082  0.646572  0.617557  
1083  -0.386529  -0.324504  
1084  -0.505144  0.196103  
1085  -0.521031  0.210629  
1086  -0.669762  -0.381354  
1087  -0.202611  -0.960797  
1088  -0.29083  -1.17128  
1089  -0.811875  -0.112516  
1090  -0.713534  -0.0367203  
1091  0.0152873  -0.761157  
1092  -0.53236  -1.44215  
1093  -2.87445  0.417885  
1094  0.0251324  -0.15213  
1095  0.0237795  -1.33699  
1096  -0.587442  0.030246  
1097  0.894189  1.09221  
1098  0.450039  -0.625279  
1099  -0.242523  -1.03272  
1100  -0.769013  0.0322823  
1101  -2.27871  0.18285  
1102  -0.075614  -0.701872  
1103  -0.390554  -0.18233  
1104  0.534716  -0.94491  
1105  1.22441  0.619646  
1106  -0.442397  0.405484  
1107  0.191289  0.754173  
1108  0.649952  0.509668  
1109  0.513678  -0.248496  
1110  0.450761  0.259251  
1111  0.138905  -0.140917  
1112  0.618113  -0.558629  
1113  0.528176  -0.257858  
1114  -0.0113304  -0.529394  
1115  0.0293828  0.727645  
1116  1.41729  -0.0570038  
1117  -0.192928  0.133528  
1118  -0.219267  0.504967  
1119  0.811861  -0.470288  
1120  0.164608  0.0985862  
1121  0.609408  -0.458258  
1122  0.231966  -2.42185  
1123  -0.0783266  -0.0145528  
1124  -0.0427554  -0.336146  
1125  -0.151608  -1.03212  
1126  -1.23927  -2.21388  
1127  0.100868  -2.30733  
1128  -0.505423  -1.90696  
1129  -0.695896  -2.35266  
1130  -0.459324  -1.79556  
1131  0.0215287  0.254181  
1132  -0.449008  -0.614501  
1133  0.0966761  -1.1775  
1134  -0.117571  0.0394778  
1135  -0.852192  -0.0348881  
1136  0.695963  0.455375  
1137  0.420926  0.990455  
1138  -0.0550662  0.522216  
1139  0.476963  0.948637  
1140  0.627119  0.805783  
1141  -0.113458  -0.592861  
1142  -0.0408811  0.0586209  
1143  -0.664956  -0.193123  
1144  0.416504  -0.83339  
1145  -0.34532  -1.77996  
1146  -0.306865  -1.4651  
1147  0.0948513  -1.61658  
1148  -0.265754  -1.53597  
1149  -0.196291  -1.47899  
1150  -0.152268  -0.672706  
1151  0.189044  -0.389121  
1152  0.177804  -0.496639  
1153  -0.458847  -0.28793  
1154  0.192712  -0.122697  
1155  0.100112  -0.681472  
1156  -0.56685  -0.0830547  
1157  0.102174  -0.254324  
1158  0.21324  -1.01827  
1159  -0.0975874  -0.728066  
1160  -0.308136  -0.611588  
1161  -0.396196  -0.844204  
1162  -0.13591  -1.04197  
1163  -0.232587  -1.10888  
1164  -0.501782  -0.710218  
1165  -0.330121  -0.802354  
1166  0.201771  -1.04537  
1167  -0.551417  -0.790735  
1168  0.0609102  -0.474448  
1169  0.485975  -0.530278  
1170  0.0420539  -0.424556  
1171  -0.334741  0.350382  
1172  -0.181056  -0.298611  
1173  -0.392773  -0.71406  
1174  -0.281188  -0.64928  
1175  -0.295434  -1.68007  
1176  -0.0385426  -1.84746  
1177  -0.457266  -1.74015  
1178  -0.150942  -3.29835  
1179  -0.205629  -0.403714  
1180  -1.31428  0.0327246  
1181  -0.0656717  0.207957  
1182  0.0121561  0.49133  
1183  0.917259  -0.489221  
1184  -0.712186  -0.268352  
1185  -0.757982  0.0190123  
1186  0.169828  -1.04259  
1187  -0.223733  -0.784002  
1188  -0.486419  -0.288797  
1189  -0.302182  -0.592464  
1190  -0.140991  -0.912089  
1191  -0.0540543  -1.05323  
1192  -1.04502  -0.850709  
1193  -0.104588  -0.834113  
1194  0.0792892  -0.607542  
1195  -0.745511  -0.399848  
1196  0.0514456  -1.2108  
1197  -0.478489  -0.485031  
1198  -0.571584  -0.578698  
1199  -0.288967  -0.646438  
1200  0.448852  -0.906691  
1201  -0.302893  -0.389029  
1202  -0.24073  -0.479473  
1203  0.280336  -0.679891  
1204  -0.739408  -0.815991  
1205  -0.350075  -0.76068  
1206  0.0786717  -0.995488  
1207  -0.0855797  -1.02328  
1208  -0.67922  -0.611015  
1209  -0.00518679  -0.979319  
1210  -1.04374  -0.630222  
1211  -0.359263  -0.581848  
1212  0.262495  -0.680214  
1213  0.0061237  -0.876616  
1214  -0.317741  -0.673393  
1215  -0.0578604  -0.187432  
1216  -0.103031  -1.76901  
1217  -0.233864  -0.363415  
1218  0.0274937  -0.234902  
1219  0.204345  -0.946356  
1220  -0.111185  -1.04498  
1221  -0.811627  -0.804678  
1222  0.425623  -0.246756  
1223  -0.507942  -0.664735  
1224  -0.964565  -1.80377  
1225  1.05702  -1.01145  
1226  -0.952674  -1.19812  
1227  -0.583514  -1.76073  
1228  0.538089  -1.34058  
1229  -0.124973  -1.66159  
1230  0.0219736  -4.37827  
1231  0.142849  0.292598  
1232  -0.0494922  -1.99305  
1233  -0.52414  -2.25062  
1234  -0.442582  -1.14209  
1235  0.482807  -1.14976  
1236  -0.416004  -1.45354  
1237  -0.0149163  -0.599149  
1238  0.911594  -0.512302  
1239  -0.390613  -0.873749  
1240  -0.119283  -0.668094  
1241  0.343268  -1.09929  
1242  -0.44177  -1.98671  
1243  -3.27825  -0.421813  
1244  0.281867  -0.833734  
1245  0.103746  -1.6228  
1246  -0.586828  -1.06311  
1247  0.459776  -1.4978  
1248  -0.695019  -1.72211  
1249  -0.362675  -1.22041  
1250  0.139601  -1.37486  
1251  -0.34306  -1.41808  
1252  -0.0595446  -1.05575  
1253  0.646813  -0.679557  
1254  0.168628  -0.676126  
1255  0.417934  0.0405099  
1256  1.13346  0.190922  
1257  0.476588  -0.673311  
1258  0.268885  -0.311101  
1259  0.443574  -0.867837  
1260  -1.14238  -1.35369  
1261  -0.117677  -1.20568  
1262  0.51182  -1.65588  
1263  -0.40021  -2.61471  
1264  0.29467  -1.17524  
1265  0.691459  -1.63842  
1266  0.0859915  -0.223301  
1267  0.0786577  -0.174759  
1268  0.460933  -0.683327  
1269  0.658764  -0.427663  
1270  0.498355  0.427735  
1271  -0.24602  -1.25907  
1272  0.24497  -1.62354  
1273  -0.626648  -1.86296  
1274  0.268019  -1.4314  
1275  -0.835728  -1.34506  
1276  -0.266739  -1.44804  
1277  0.385349  -0.27814  
1278  0.810629  -0.663379  
1279  0.0625347  -0.174149  
1280  6.6358  14.1107  
1281  -0.247893  0.637337  
1282  -0.457109  0.0871855  
1283  0.642848  0.166033  
1284  0.512678  -1.26349  
1285  -0.819017  -1.37515  
1286  0.93121  -0.770475  
1287  0.137408  -1.00036  
1288  0.803572  -0.837878  
1289  1.13735  -0.708512  
1290  0.190143  -1.26907  
1291  0.345415  -0.67167  
1292  1.29223  -0.711117  
1293  -0.716095  -0.749943  
1294  1.35078  -0.937532  
1295  1.05892  -0.934581  
1296  0.268932  -0.985114  
1297  0.38923  -0.999035  
1298  -2.50391  -1.40082  
1299  -0.334158  -0.612341  
1300  0.143145  -2.23018  
1301  -0.471018  -2.30386  
1302  0.130911  -0.750988  
1303  1.03673  -0.384669  
1304  0.556241  -0.750522  
1305  0.184634  0.481435  
1306  -0.0378983  0.482717  
1307  -0.967323  0.902975  
1308  -0.144693  -0.0596097  
1309  -0.333428  11.037  
1310  0.632313  -1.24267  
1311  -0.341092  -1.14704  
1312  0.265384  -1.64952  
1313  0.186727  -0.0824584  
1314  0.67346  -0.379648  
1315  1.1575  0.508288  
1316  -0.344757  -0.0460391  
1317  -0.152881  -0.41731  
1318  -1.30279  -1.06153  
1319  -0.831719  1.7901  
1320  -2.49589  -2.11145  
1321  -2.06415  -1.46827  
1322  0.269083  -0.838176  
1323  0.522394  -1.03475  
1324  -0.478931  -0.844571  
1325  0.558111  -0.146979  
1326  0.742775  -1.22814  
1327  0.151284  -0.861153  
1328  0.690885  0.100576  
1329  1.13584  -0.613745  
1330  0.137641  -1.05168  
1331  1.15034  -0.598371  
1332  0.310847  -0.999775  
1333  0.198944  -0.838202  
1334  -0.696435  -2.74184  
1335  -0.488991  -0.980609  
1336  0.141576  -1.10133  
1337  1.38379  0.161516  
1338  -0.910976  -0.865207  
1339  1.21581  -0.0832566  
1340  0.889799  -0.51302  
1341  -0.42363  0.0628824  
1342  0.510124  -0.199403  
1343  0.220616  -1.15365  
1344  -1.52273  -1.04123  
1345  1.13745  -0.0143199  
1346  -0.210901  -1.07106  
1347  0.1134  -0.865486  
1348  0.438552  -1.2507  
1349  -0.605394  -0.538624  
1350  0.0616331  -1.00591  
1351  -0.0996322  -1.24131  
1352  -3.25025  -1.08465  
1353  -2.95795  -0.00132716  
1354  0.200982  -1.47542  
1355  -0.114308  -1.12066  
1356  0.375912  -1.09789  
1357  -0.963756  -0.891642  
1358  0.622878  -1.24331  
1359  -0.233843  -0.582465  
1360  -0.404664  -1.12973  
1361  0.584335  -0.553589  
1362  0.431226  -1.3912  
1363  -0.99719  -0.392115  
1364  0.628845  -0.268397  
1365  0.169249  -1.23478  
1366  -2.31611  -2.36929  
1367  -1.63467  -2.00615  
1368  -1.76892  0.456045  
1369  -0.25915  -0.757265  
1370  0.221799  -1.52369  
1371  -0.31888  -0.744682  
1372  0.896545  -1.14563  
1373  -0.082837  -0.887791  
1374  0.419272  -1.05403  
1375  0.501919  -0.574273  
1376  -1.065  -0.747372  
1377  1.14122  -0.747118  
1378  0.673693  -1.19535  
1379  0.705995  -0.705887  
1380  -0.0271816  -0.387824  
1381  0.798167  -0.821643  
1382  0.0305692  -1.8679  
1383  0.198235  -1.05418  
1384  0.779796  1.64875  
1385  0.170966  -0.827148  
1386  -0.0509633  -1.48085  
1387  -0.496062  -0.815387  
1388  0.17189  -0.50048  
1389  -0.0661323  -0.565797  
1390  -0.893106  -1.06225  
1391  0.504589  -0.757849  
1392  -0.217691  -1.08754  
1393  0.499713  -0.886533  
1394  0.00213851  -0.676052  
1395  0.0253421  -0.659978  
1396  0.454174  -0.750623  
1397  -0.0829055  0.409373  
1398  -0.90089  0.674473  
1399  -0.853088  -0.846938  
1400  -3.24404  -0.86619  
1401  -2.13713  1.19403  
1402  -0.321475  -0.831584  
1403  -0.371819  -0.454883  
1404  0.0481984  -0.519383  
1405  -0.11031  -0.46129  
1406  0.672106  -0.983547  
1407  0.207895  -1.03769  
1408  -0.926608  -0.994058  
1409  -2.47924  0.625206  
1410  -2.63014  -0.651248  
1411  -4.0492  0.592937  
1412  5.26609  7.97457  
1413  -3.74281  -0.678768  
1414  -1.33961  -0.290688  
1415  -0.425002  -0.61771  
1416  -5.50506  4.98718  
1417  0.388833  0.159281  
1418  0.50971  0.562532  
1419  0.944394  -0.731111  
1420  2.59514  1.03194  
1421  -0.58233  -1.64727  
1422  1.47763  -0.616732  
1423  -0.484762  -1.90816  
1424  0.430717  -1.50865  
1425  0.341219  -0.788534  
1426  0.175149  -1.2911  
1427  0.830467  -0.296074  
1428  0.195554  -0.0721406  
1429  0.516137  -0.841801  
1430  0.217657  -0.0916414  
1431  0.0692259  -1.27488  
1432  -1.28812  -1.36144  
1433  -3.23992  -0.854408  
1434  -1.93351  -2.74346  
1435  -1.34422  -1.81892  
1436  -0.646794  -1.19887  
1437  0.708297  -0.639641  
1438  -0.597769  -0.755812  
1439  -0.449304  -1.25142  
1440  0.567219  -0.466676  
1441  -0.434865  -1.21223  
1442  0.540212  -0.816185  
1443  -0.202354  -0.685824  
1444  -0.762963  -1.12489  
1445  -1.05134  -0.215042  
1446  -2.37901  -1.18128  
1447  -3.30667  0.477259  
1448  -1.84453  -0.217848  
1449  -0.68845  -0.771779  
1450  -1.05934  -0.421921  
1451  -3.00933  -0.836406  
1452  -3.74154  2.70931  
1453  -1.57461  -0.897943  
1454  -1.49945  -0.671157  
1455  -7.18077  2.25279  
1456  -5.57432  -0.91525  
1457  -0.770601  -0.930096  
1458  -3.19628  -0.55494  
1459  -4.58797  0.164198  
1460  -1.74724  -0.87035  
1461  -2.28113  -1.24941  
1462  -2.8969  -0.22764  
1463  -4.24699  0.337227  
1464  -4.31559  -1.18375  
1465  -5.34503  -1.63981  
1466  -1.57462  0.0367229  
1467  -2.15148  -1.55304  
1468  -1.24204  -0.588226  
1469  -0.226273  -1.05653  
1470  -1.47159  -0.670869  
1471  -0.591513  -0.726202  
1472  -1.36092  -0.739406  
1473  -1.87992  -0.308899  
1474  -1.70846  0.411145  
1475  -9.82727  4.31175  
1476  -5.13605  -0.683338  
1477  -2.88893  -0.801559  
1478  -1.6793  -0.625758  
1479  -1.06496  0.871584  
1480  -4.15346  0.457876  
1481  -3.21833  -1.40704  
1482  -2.80321  -1.14422  
1483  -1.96233  -0.671275  
1484  -3.40771  -2.01601  
1485  -2.16463  -1.00481  
1486  -1.05748  -1.12673  
1487  -1.09469  -0.542779  
1488  -1.91019  -0.640065  
1489  0.683715  -0.66933  
1490  -4.09623  0.107852  
1491  -0.953727  -0.974916  
1492  0.789877  -0.822582  
1493  -1.75872  -0.834678  
1494  -1.94048  -1.33855  
1495  -2.74783  -1.89626  
1496  -5.05569  -0.216674  
1497  -2.88933  -1.05896  
1498  -3.34014  -0.461597  
1499  -3.96002  -2.33088  
1500  -2.16497  -0.876433  
1501  -1.41086  -0.113598  
1502  -1.73305  -0.0709693  
1503  -1.66286  -1.12609  
1504  -1.48708  -0.607109  
1505  -2.24419  -1.19422  
1506  -1.14557  -0.426986  
1507  -1.85442  -0.517897  
1508  -1.19148  -0.268502  
1509  -1.80818  -0.490395  
1510  -2.16106  -0.196653  
1511  -1.71992  -0.841493  
1512  -2.00032  -0.430993  
1513  -3.65146  -1.28746  
1514  -4.73039  -0.987513  
1515  -2.03798  -0.739672  
1516  -2.11974  -1.18096  
1517  -2.04561  -1.23271  
1518  -1.05003  -0.781727  
1519  -1.24786  -1.24978  
1520  -3.88754  -0.421786  
1521  -1.72856  -0.230777  
1522  -0.426809  -0.376564  
1523  -1.04225  0.354649  
1524  -1.67935  -0.244084  
1525  -0.310659  -0.0630241  
1526  -1.5047  -0.323916  
1527  -1.12958  -0.65562  
1528  -1.79528  -0.34722  
1529  -1.52632  -1.28922  
1530  -1.22417  0.0949717  
1531  -1.36106  -0.778271  
1532  -0.680794  -0.52138  
1533  -1.76288  -0.118053  
1534  -1.51635  -1.38938  
1535  -1.22879  -0.84393  
1536  -1.99489  -1.03509  
1537  -1.47695  -2.33152  
1538  -1.25179  -0.27395  
1539  -0.526677  -1.45243  
1540  -1.37911  -0.761216  
1541  -1.18062  -0.708759  
1542  -0.678514  -0.842133  
1543  -0.782101  -0.645957  
1544  -1.19375  -0.427906  
1545  -1.92788  -1.13891  
1546  -0.127512  -0.331383  
1547  -1.30748  -1.00268  
1548  -0.363006  -0.619502  
1549  -0.769568  0.402562  
1550  -0.894199  -0.285628  
1551  -1.11448  -0.581548  
1552  -1.13886  -0.489742  
1553  -6.82392  0.181283  
1554  -1.4261  -0.808868  
1555  -0.77899  -1.12624  
1556  -2.09675  -0.679203  
1557  -0.388335  -0.616972  
1558  -0.921146  -0.638172  
1559  -1.1254  -1.44808  
1560  -0.46564  -0.692311  
1561  -1.59714  -1.05669  
1562  -0.418957  -1.24583  
1563  -0.93338  0.0234497  
1564  0.0354627  -0.508499  
1565  -0.439873  -0.346547  
1566  -1.17031  -0.673107  
1567  0.06049  0.722595  
1568  -3.42862  0.0808437  
1569  -4.0821  0.366438  
1570  -3.2597  -0.841278  
1571  -1.71466  -1.30956  
1572  -1.43968  -0.684344  
1573  -1.05051  -1.2869  
1574  -1.52456  -0.517717  
1575  -1.78439  -0.947075  
1576  -2.58754  -0.90462  
1577  -3.22191  -0.782632  
1578  -2.07834  -1.73733  
1579  -2.04099  -0.56532  
1580  -0.946089  -0.901345  
1581  -0.733203  -0.339765  
1582  -1.71802  -0.764569  
1583  -0.759742  -0.704402  
1584  -2.31818  -1.27665  
1585  -1.59586  -1.425  
1586  -1.82188  -0.562608  
1587  -1.98221  -1.21871  
1588  -1.58739  -0.891144  
1589  -1.83797  -0.759404  
1590  -4.11308  -0.262006  
1591  -5.33742  0.0402107  
1592  -3.02241  -0.416912  
1593  -3.3133  -1.70743  
1594  -1.94718  -1.13496  
1595  -1.46742  -0.454655  
1596  -0.810187  -1.23129  
1597  -2.48659  -1.64778  
1598  -1.53665  -0.791273  
1599  -1.61976  -0.51696  
1600  -2.18793  -0.485786  
1601  -1.91942  0.347111  
1602  -2.97569  -0.662268  
1603  -3.2251  -1.06453  
1604  -1.92285  -0.315437  
1605  -3.09451  3.80696  
1606  -2.05515  -1.05704  
1607  -1.56123  -1.08043  
1608  -1.22796  -1.2488  
1609  -1.36821  -0.0839085  
1610  -0.608963  -1.17476  
1611  -2.35592  0.0547953  
1612  -2.03477  -0.611616  
1613  -1.48282  -1.45982  
1614  -2.86874  -0.0547163  
1615  -1.3251  -0.740518  
1616  -1.56746  -1.96994  
1617  -2.98198  -0.166923  
1618  -3.25135  -0.829877  
1619  -4.41832  -1.94001  
1620  -5.34582  0.55712  
1621  -2.4546  -2.4973  
1622  -1.02522  -1.15538  
1623  -2.1976  -0.841141  
1624  -0.890993  2.4196  
1625  -1.90604  -0.573679  
1626  -9.95853  -0.422445  
1627  -3.99072  -0.879848  
1628  -1.69528  -0.610924  
1629  -1.47061  -0.984388  
1630  -1.94575  -0.147546  
1631  -2.02548  -0.948121  
1632  -1.84101  -1.13028  
1633  -2.1186  0.260717  
1634  -4.72535  -0.0104092  
1635  -3.49118  -1.12514  
1636  -5.00098  -2.20348  
1637  -2.27237  -2.10229  
1638  -1.99964  -0.381978  
1639  -2.20514  -1.19386  
1640  -1.13159  -1.26399  
1641  -2.46803  -0.835207  
1642  -1.20432  -1.17319  
1643  -2.43927  -1.18583  
1644  -2.62054  -0.72253  
1645  -4.0265  -1.79851  
1646  -7.71282  0.935603  
1647  -3.93604  -1.45825  
1648  -1.84895  -0.774542  
1649  -1.76377  -1.66685  
1650  -1.52118  -0.609069  
1651  -1.76425  -0.497517  
1652  -0.732333  -0.702249  
1653  -2.5888  -0.659048  
1654  -6.35684  -0.130794  
1655  -3.20089  -0.46023  
1656  -2.16937  -0.44948  
1657  -5.83707  -0.257191  
1658  -3.46442  -1.15802  
1659  -1.57609  -1.6976  
1660  -2.22513  -1.07178  
1661  -1.41506  -2.03467  
1662  -1.59217  -0.255523  
1663  -1.35848  -0.852454  
1664  -0.190514  -0.457805  
1665  -1.33252  -0.164475  
1666  -1.09903  -0.802065  
1667  -0.588943  0.330682  
1668  -1.06494  -1.08268  
1669  -1.52843  -0.55036  
1670  -1.87105  -0.585813  
1671  -1.00938  -1.4215  
1672  -1.35059  -1.10549  
1673  -1.65789  -0.693749  
1674  -2.13156  -1.10604  
1675  -1.04365  -1.48565  
1676  -1.38114  -0.516973  
1677  -1.11349  -0.666732  
1678  -1.37619  -1.70647  
1679  -1.94501  0.197639  
1680  -0.841082  -0.704026  
1681  -1.70262  -0.242645  
1682  -1.13242  0.66693  
1683  -1.81404  -0.558414  
1684  -0.885771  0.641179  
1685  -1.46596  0.00364864  
1686  -0.804817  -0.482402  
1687  -1.77015  -0.404302  
1688  -2.3783  -0.764516  
1689  -8.41208  -0.984188  
1690  -2.56358  -0.926534  
1691  -3.63254  -0.55708  
1692  -4.28393  -1.74803  
1693  -5.14264  -3.89822  
1694  -3.63626  -1.43325  
1695  -2.60954  -1.52138  
1696  -3.91256  -1.34926  
1697  -2.26927  -1.41123  
1698  -4.29858  -0.558122  
1699  -3.92093  -1.01717  
1700  -3.36349  -1.16967  
1701  -1.7544  -0.757459  
1702  -4.38737  -1.96134  
1703  -7.3486  -3.78881  
1704  -5.3302  -3.68615  
1705  -3.45036  -0.806401  
1706  -2.08023  -0.646055  
1707  -4.61951  -0.172097  
1708  -4.13443  -0.18019  
1709  -1.70668  -0.241144  
1710  -1.0568  -1.27143  
1711  -2.09265  -1.39968  
1712  -1.43189  -0.71882  
1713  -1.79039  -1.7255  
1714  -1.0141  0.0840876  
1715  -2.41355  0.0693824  
1716  -2.02737  -0.520276  
1717  -1.05536  -0.586734  
1718  -2.29081  -1.87746  
1719  -0.824632  -1.26427  
1720  -0.853693  -1.49088  
1721  -2.61908  -1.1016  
1722  -1.44162  -0.443683  
1723  -4.02314  0.460604  
1724  -1.8138  -0.059268  
1725  -3.19613  -1.6525  
1726  -2.14441  -1.26906  
1727  -2.4413  -0.807888  
1728  -2.41779  -1.46239  
1729  -2.93514  -1.15325  
1730  -1.73289  -1.40634  
1731  -1.52252  -1.28998  
1732  -1.51283  -0.587464  
1733  -2.96729  -1.66534  
1734  -1.65089  -0.713255  
1735  -1.60891  -1.16164  
1736  -1.65145  -1.54957  
1737  -1.78386  -1.43909  
1738  -1.61263  -0.902166  
1739  -2.18218  -1.5097  
1740  -2.27631  -1.29476  
1741  -4.25153  -0.375907  
1742  -3.48071  -1.30765  
1743  -3.20384  -1.97423  
1744  -4.05704  -1.27863  
1745  -4.40621  -0.332226  
1746  -2.92632  -1.52939  
1747  -2.68694  -0.887856  
1748  -2.33998  -1.06189  
1749  -1.55005  -0.798908  
1750  -1.4407  -1.17321  
1751  -1.66991  -0.832203  
1752  -2.42777  -1.98325  
1753  -2.65532  -1.0231  
1754  -2.93059  -1.3676  
1755  -2.5836  -1.0276  
1756  -2.47139  -1.2556  
1757  -2.44726  -0.955535  
1758  -3.82234  -1.29647  
1759  -5.9641  -0.0211774  
1760  -4.53659  -1.31772  
1761  -4.07734  -1.06985  
1762  -3.21336  -0.632028  
1763  -2.82092  -1.76906  
1764  -2.58549  -0.828337  
1765  -4.07509  -1.19834  
1766  -2.89381  -1.79042  
1767  -3.3928  -0.623975  
1768  -5.9147  -1.21544  
1769  -4.24162  -0.639193  
1770  -3.27221  -1.89976  
1771  -1.75454  -1.64714  
1772  -1.87923  -1.2511  
1773  -1.27442  -1.61395  
1774  -1.67544  -1.72025  
1775  -1.49069  -0.737765  
1776  -1.47118  -1.89126  
1777  -2.1291  -0.275045  
1778  -4.43509  -0.494519  
1779  -3.65646  -0.888586  
1780  -2.05466  -0.972414  
1781  -1.48283  -1.49013  
1782  -0.935678  -1.24264  
1783  -1.55021  -1.43019  
1784  -1.35998  -0.283559  
1785  -0.63382  -1.60144  
1786  -1.54526  -1.20677  
1787  -1.8416  -1.8224  
1788  -2.24332  -0.854762  
1789  -2.09069  -1.51053  
1790  -2.01903  -1.09041  
1791  -2.19143  -1.19606  
1792  -2.17537  -1.30166  
1793  -3.07531  -0.949145  
1794  -2.80951  -0.625917  
1795  -3.24685  -1.36434  
1796  -4.72178  -0.883572  
1797  -4.94159  -0.956138  
1798  -4.36234  -2.13745  
1799  -3.28887  -0.211097  
1800  -4.88012  -2.83497  
1801  -3.74958  -1.95899  
1802  -4.50148  -1.63825  
1803  -2.89549  -1.70196  
1804  -2.15241  -0.783727  
1805  -2.97135  -1.20128  
1806  -3.22556  -1.20442  
1807  -3.27974  -0.811166  
1808  -4.39358  -0.540455  
1809  -5.63296  -0.767299  
1810  -3.40609  -1.14961  
1811  -3.66688  -0.886096  
1812  -2.84543  -0.232922  
1813  -2.66612  -0.974838  
1814  -1.6524  -0.0557508  
1815  -2.80538  -0.687603  
1816  -3.11515  -0.0304325  
1817  -11.5938  3.45562  
1818  -4.35307  -0.882376  
1819  -4.12926  -1.18518  
1820  -4.59395  -1.22233  
1821  -3.31416  -0.588723  
1822  -2.80432  -1.03616  
1823  -3.05306  -0.444246  
1824  -3.30419  -0.811107  
1825  -2.62208  -0.512608  
1826  -3.15667  -0.677235  
1827  -2.12441  -0.500229  
1828  -3.688  -0.947207  
1829  -2.4143  0.0801845  
1830  -3.68019  -1.18564  
1831  -4.00578  -0.908367  
1832  -4.25397  -1.55303  
1833  -3.24523  -1.46017  
1834  -2.95813  -0.904384  
1835  -3.62487  -1.26175  
1836  -3.54609  -0.247815  
1837  -2.36395  -1.10843  
1838  -3.36566  -0.797008  
1839  -3.45421  -1.26172  
1840  -2.77525  -0.570262  
1841  -2.88052  -0.894166  
1842  -2.35593  -0.376512  
1843  -2.92288  -2.09594  
1844  -2.6746  -0.625241  
1845  -3.04928  -0.842575  
1846  -3.32416  -1.49172  
1847  -4.31071  -0.445071  
1848  -5.11646  -1.81481  
1849  -4.25425  -1.71907  
1850  -6.00785  -2.96557  
1851  -3.60528  -0.833759  
1852  -3.85094  -1.0079  
1853  -5.46526  -0.734888  
1854  -4.32503  -1.4695  
1855  -4.28417  -1.66495  
1856  -4.39044  -0.637107  
1857  -10.0108  2.38576  
1858  -5.66026  -1.43173  
1859  -6.65671  -2.49486  
1860  -4.1936  -1.43419  
1861  -3.19698  -0.679531  
1862  -4.04595  -1.39647  
1863  -3.89572  -0.856346  
1864  -4.17678  -1.63025  
1865  -4.21575  -1.91869  
1866  -4.52811  -1.50245  
1867  -3.13705  -1.34799  
1868  -2.49157  -0.640607  
1869  -2.59447  -0.947803  
1870  -3.44304  -1.05691  
1871  -4.57751  -1.49699  
1872  -4.54701  -1.0741  
1873  -3.75468  -0.531328  
1874  -4.0509  -0.206442  
1875  -4.13283  -0.512864  
1876  -3.90286  -0.641883  
1877  -5.30059  0.0409669  
1878  -4.3288  -1.37813  
1879  -4.79849  -0.815946  
1880  -4.87166  -0.94018  
1881  -5.23682  -2.40666  
1882  -5.98676  -2.25893  
1883  -6.84405  -1.92054  
1884  -10.3743  4.68553  
1885  -5.47136  -1.09357  
1886  -3.79502  -1.11231  
1887  -5.12651  -1.18362  
1888  -4.35732  -0.370154  
1889  -4.16253  -0.808004  
1890  -4.70685  -0.507474  
1891  -4.58538  -0.0963073  
1892  -3.52713  -0.0690908  
1893  -4.70669  -0.314693  
1894  -4.36356  -1.07537  
1895  -7.62738  -1.511  
1896  -3.36354  0.094221  
1897  -3.33425  -0.811052  
1898  -3.48188  -0.146653  
1899  -3.10339  -1.0744  
1900  -3.22641  -0.420544  
1901  -3.70002  -0.770478  
1902  -3.96152  -0.163549  
1903  -2.8917  -2.44771  
1904  -3.38945  -2.3956  
1905  -3.11702  -0.789653  
1906  -2.87508  -1.2691  
1907  -3.1251  -0.457995  
1908  -2.13926  0.215019  
1909  -3.29922  -0.839837  
1910  -3.21301  -0.48423  
1911  -2.44704  -0.0346863  
1912  -2.84434  -0.623802  
1913  -3.57707  0.776187  
1914  -3.23177  -0.0336024  
1915  -4.60851  0.739465  
1916  -2.71777  -0.329958  
1917  -5.02342  -0.722953  
1918  -3.53712  -0.764894  
1919  -2.21445  0.21069  
1920  -2.49524  -0.473821  
1921  -2.48716  0.334832  
1922  -2.12386  -0.621616  
1923  -2.09425  -0.700856  
1924  -2.9139  -0.389819  
1925  -2.87048  -1.16986  
1926  -2.73739  0.0116848  
1927  -3.22837  -1.11937  
1928  -3.47185  0.000924511  
1929  -4.08394  -1.94472  
1930  -4.67902  -1.78279  
1931  -8.72467  0.49872  
1932  -4.92944  -0.910627  
1933  -3.94945  -1.88449  
1934  -3.04659  -0.37782  
1935  -2.92495  -0.107656  
1936  -2.91032  -0.700256  
1937  -2.7382  0.633887  
1938  -2.56955  -0.805036  
1939  -3.09365  0.353251  
1940  -4.47596  0.687119  
1941  -3.32994  -1.02323  
1942  -7.53788  -1.11011  
1943  -6.25025  0.540994  
1944  -6.55922  -0.56844  
1945  -7.2965  0.192001  
1946  -4.37474  -1.18921  
1947  -4.81703  -1.21064  
1948  -5.49244  -2.63703  
1949  -3.94378  -1.64748  
1950  -4.0482  -0.00289642  
1951  -3.0167  -1.06126  
1952  -4.09364  -0.654628  
1953  -4.09017  -1.0075  
1954  -2.92962  -1.10136  
1955  -2.41602  0.452111  
1956  -3.33722  -0.29697  
1957  -3.17629  -0.777199  
1958  -4.70712  -0.857636  
1959  -3.63286  -0.504127  
1960  -3.21201  -1.39834  
1961  -4.11752  0.615656  
1962  -2.88912  -1.58903  
1963  -3.59685  -0.928705  
1964  -7.74909  -0.550471  
1965  -5.52006  -0.92266  
1966  -6.38487  0.334846  
1967  -4.7019  -0.708089  
1968  -5.64569  -0.37687  
1969  -3.1679  -1.39596  
1970  -5.15498  -0.89388  
1971  -4.44518  -1.43655  
1972  -4.2431  -0.131162  
1973  -2.97089  -0.955529  
1974  -3.48615  -0.174491  
1975  -2.78055  0.2675  
1976  -2.52146  -0.343658  
1977  -3.53665  0.681907  
1978  -3.02671  -1.65318  
1979  -2.82881  0.0602261  
1980  -3.68395  -1.39988  
1981  -5.53674  1.32877  
1982  -3.50789  -0.279398  
1983  -4.23793  -1.63421  
1984  -3.61766  0.0389373  
1985  -5.197  -1.8815  
1986  -3.77833  -0.545471  
1987  -4.61544  -0.657695  
1988  -4.05114  -0.908189  
1989  -3.60662  -0.029268  
1990  -2.74826  -2.05736  
1991  -3.0973  0.0780179  
1992  -3.93062  -0.86579  
1993  -2.84506  -1.6423  
1994  -4.45027  -0.754709  
1995  -3.41801  -3.60767  
1996  -4.59483  -0.974989  
1997  -3.81878  -1.66794  
1998  -7.61318  -0.75132  
1999  -5.23764  -0.0505753  
2000  -4.40321  -1.57777  
2001  -5.1805  -0.0673147  
2002  -3.92811  -0.473566  
2003  -2.7457  -0.296825  
2004  -3.62293  -0.166085  
2005  -2.16951  -1.15484  
2006  -3.02791  0.0752277  
2007  -2.91901  -0.929296  
2008  -2.29409  -0.33147  
2009  -3.49313  0.0850117  
2010  -1.36762  -0.646112  
2011  -2.48623  0.50436  
2012  -2.74799  0.0399706  
2013  -1.64528  0.250315  
2014  -2.76246  -0.0584827  
2015  -2.47828  -0.869445  
2016  -3.20483  -0.0067486  
2017  -3.85672  -0.989147  
2018  -1.72225  -0.401877  
2019  -3.07789  -0.0825895  
2020  -2.72863  -0.174694  
2021  -1.40868  1.33891  
2022  -3.73422  -0.447117  
2023  -2.25586  -1.06261  
2024  -2.54634  -0.613449  
2025  -3.30315  0.496019  
2026  -2.93605  -1.87274  
2027  -3.10082  -0.911843  
2028  -3.07998  -0.0691062  
2029  -1.92672  -1.00437  
2030  -4.18952  -0.124655  
2031  -2.5071  -0.8391  
2032  -1.56149  0.746925  
2033  -3.27434  -0.352373  
2034  -2.26937  -0.409499  
2035  -2.89771  0.252129  
2036  -3.5517  -0.297336  
2037  -1.83054  -1.18763  
2038  -2.26503  -0.214833  
2039  -3.36265  -0.812143  
2040  -1.56695  -0.439376  
2041  -1.56695  -0.439376  
2042  0.475852  -0.173466  
2043  -0.620036  -0.569409  
2044  -0.570744  0.574246  
2045  0.794757  -0.0293772  
2046  -0.400587  -0.0728262  
2047  -1.35159  0.691727  
2048  0.183503  0.480311  
2049  -0.20462  -1.23963  
2050  -1.17667  -0.51054  
2051  -0.0598141  0.16325  
2052  0.127546  -0.508166  
2053  -0.737877  -0.910236  
2054  -1.58938  -0.877154  
2055  -0.428139  -0.67599  
2056  -1.36003  -1.36886  
2057  -1.45822  -1.02281  
2058  -0.460734  -0.537668  
2059  0.00532487  -0.433478  
2060  -0.352732  0.344256  
2061  0.788728  0.144567  
2062  -0.0333388  -0.0954717  
2063  0.39982  0.191353  
2064  0.559857  -0.255183  
2065  -0.306176  0.427479  
2066  0.544754  -0.3631  
2067  0.419787  -0.793904  
2068  -0.407691  0.0178722  
2069  0.811265  -0.0361855  
2070  0.0971293  -0.583879  
2071  -0.375519  0.110633  
2072  1.38083  0.732373  
2073  -0.292616  0.124244  
2074  0.675804  -0.458982  
2075  0.667177  0.109884  
2076  -0.185579  -0.225199  
2077  -0.124158  -0.827338  
2078  0.264549  -1.11871  
2079  -0.352354  -0.910297  
2080  -0.129415  -1.22605  
2081  0.306493  -1.00468  
2082  -0.213192  -0.418696  
2083  0.385288  -0.183638  
2084  0.500782  0.247785  
2085  0.379391  0.813938  
2086  0.325377  1.23817  
2087  0.442543  1.16296  
2088  -0.0246461  0.966591  
2089  0.489232  0.358902  
2090  -0.222746  0.509887  
2091  -0.937705  -0.220707  
2092  -0.278766  -0.61496  
2093  -0.77746  -0.205692  
2094  -1.28082  -1.41698  
2095  -0.343013  0.00659896  
2096  -0.132141  0.33545  
2097  -0.175373  0.330373  
2098  0.912268  0.348683  
2099  -0.601847  0.38155  
2100  -0.241584  1.03536  
2101  0.0787793  0.219664  
2102  0.5991  0.606754  
2103  -0.344005  -0.321307  
2104  -0.463607  0.199054  
2105  -0.468734  0.233164  
2106  -0.629201  -0.366158  
2107  -0.168071  -0.938737  
2108  -0.264455  -1.13939  
2109  -1.08862  0.0131058  
2110  0.141383  -0.414066  
2111  -0.322992  -1.26296  
2112  -0.610532  -1.35801  
2113  -2.93725  0.662563  
2114  0.0251293  -0.152126  
2115  0.0385925  -1.29961  
2116  -0.550721  0.0347176  
2117  0.922173  1.06685  
2118  0.459505  -0.607761  
2119  0.0960173  -0.587703  
2120  -0.552709  0.0754479  
2121  -1.21059  0.0536177  
2122  0.0414168  -0.660148  
2123  -0.384572  -0.147135  
2124  0.535266  -0.906513  
2125  1.22928  0.614403  
2126  -0.413416  0.412411  
2127  0.42955  0.819912  
2128  0.63819  0.475975  
2129  0.527504  -0.228865  
2130  0.470048  0.271108  
2131  0.159572  -0.117455  
2132  0.624499  -0.525581  
2133  0.515272  -0.665168  
2134  -0.705955  -1.15677  
2135  0.0818055  0.230966  
2136  1.40485  0.0229492  
2137  0.147656  -0.457707  
2138  0.188353  0.477183  
2139  0.825672  -0.449542  
2140  0.202668  0.0299768  
2141  0.621189  -0.43238  
2142  0.231971  -2.42185  
2143  -0.0443055  -0.00727623  
2144  -0.0154787  -0.328211  
2145  -0.12873  -1.0079  
2146  -1.20903  -2.13935  
2147  0.101926  -2.25132  
2148  -0.490701  -1.84811  
2149  -0.683055  -2.28398  
2150  -0.44039  -1.75201  
2151  0.0507641  0.263361  
2152  -0.418806  -0.599502  
2153  0.110404  -1.15783  
2154  -0.239583  0.00896463  
2155  -0.8135  -0.0325697  
2156  0.726419  0.426672  
2157  0.472286  0.949396  
2158  0.00725263  0.509634  
2159  0.419182  0.906706  
2160  0.668604  0.768466  
2161  -0.0878372  -0.583956  
2162  -0.0101143  0.0576162  
2163  -0.581163  -0.168626  
2164  0.427942  -0.821729  
2165  -0.341731  -1.74593  
2166  -0.302178  -1.44681  
2167  0.0998253  -1.58619  
2168  -0.254669  -1.50346  
2169  -0.187654  -1.4482  
2170  -0.132586  -0.660684  
2171  0.211751  -0.393102  
2172  0.197028  -0.491891  
2173  -0.432999  -0.282678  
2174  0.209852  -0.139838  
2175  0.120298  -0.685216  
2176  -0.542108  -0.0868481  
2177  0.118591  -0.252195  
2178  0.220981  -1.00511  
2179  -0.0875296  -0.722026  
2180  -0.293791  -0.604648  
2181  -0.384703  -0.837951  
2182  -0.130716  -1.04551  
2183  -0.222751  -1.10084  
2184  -0.493379  -0.709406  
2185  -0.319543  -0.807381  
2186  0.206245  -1.04226  
2187  -0.542666  -0.794002  
2188  0.0741293  -0.476825  
2189  0.547122  -0.48982  
2190  0.0346491  -0.445089  
2191  -0.311813  0.336026  
2192  -0.167393  -0.312843  
2193  -0.374311  -0.710376  
2194  -0.286396  -0.664339  
2195  -0.368731  -1.64952  
2196  -0.0479633  -1.82583  
2197  -0.476736  -1.7161  
2198  -0.176442  -3.24487  
2199  -0.208677  -0.429653  
2200  -1.29369  0.0223676  
2201  -0.0441325  0.22195  
2202  0.0367515  0.465879  
2203  0.921082  -0.526481  
2204  -0.705639  -0.291761  
2205  -0.75308  -0.000996957  
2206  -0.0924256  -1.11877  
2207  -0.216668  -0.787726  
2208  -0.48653  -0.303558  
2209  -0.309617  -0.606003  
2210  -0.14615  -0.921201  
2211  -0.0627062  -1.0694  
2212  -1.03603  -0.850645  
2213  -0.104034  -0.840593  
2214  0.0836098  -0.624289  
2215  -0.727935  -0.406727  
2216  0.0289224  -1.24155  
2217  -0.39952  -0.505887  
2218  -0.587002  -0.605087  
2219  -0.238931  -0.640237  
2220  0.506624  -0.931182  
2221  -0.291008  -0.395848  
2222  -0.1608  -0.49713  
2223  0.268616  -0.716031  
2224  -0.838553  -0.814646  
2225  -0.435815  -0.76374  
2226  0.12742  -1.01607  
2227  -0.327482  -1.03522  
2228  -0.803449  -0.615493  
2229  -0.0268034  -1.0058  
2230  -0.163807  -0.694812  
2231  -0.6761  -0.59187  
2232  0.0224059  -0.590791  
2233  -0.331968  -0.841213  
2234  -0.53637  -0.672733  
2235  -0.342534  -0.000832494  
2236  -0.173995  -2.02681  
2237  -0.550239  -0.350506  
2238  -0.25049  -0.136522  
2239  0.0786231  -0.994414  
2240  -0.273197  -1.04559  
2241  -0.978406  -0.819008  
2242  0.215511  0.00425894  
2243  -0.587146  -0.581378  
2244  -0.964606  -1.99737  
2245  0.876979  -0.857324  
2246  -0.622455  -1.13887  
2247  -0.856141  -1.6917  
2248  0.562031  -1.31622  
2249  -0.084118  -1.62075  
2250  0.0570747  -4.27853  
2251  0.167736  0.295478  
2252  0.00875674  -1.94933  
2253  -0.464209  -2.20466  
2254  -0.275106  -1.12983  
2255  0.657401  -1.16722  
2256  -0.367477  -1.43665  
2257  -0.127557  -0.54024  
2258  0.796759  -0.491111  
2259  -0.548316  -0.844362  
2260  0.0774095  -0.686953  
2261  0.225664  -1.04631  
2262  -0.522521  -1.94373  
2263  -0.544733  -1.17282  
2264  0.395639  -0.833537  
2265  -0.187483  -1.68397  
2266  -0.76148  -1.02167  
2267  0.576032  -1.49918  
2268  -0.754353  -1.66371  
2269  -0.19927  -1.24311  
2270  0.176403  -1.35387  
2271  -0.703121  -1.50083  
2272  -0.0217406  -1.04562  
2273  0.671918  -0.679994  
2274  0.191129  -0.681421  
2275  0.458968  0.0193899  
2276  1.16377  0.232877  
2277  0.602545  -0.701559  
2278  0.082648  -0.408376  
2279  0.912342  -0.855567  
2280  -1.07889  -1.35242  
2281  -0.18235  -1.22165  
2282  0.53236  -1.64524  
2283  -0.691252  -2.73501  
2284  0.298321  -1.13616  
2285  0.616258  -1.57392  
2286  0.247184  -0.293385  
2287  0.273182  -0.275429  
2288  0.506695  -0.689204  
2289  0.677526  -0.430754  
2290  0.519072  0.392134  
2291  -0.232432  -1.27187  
2292  -0.00137573  -1.62536  
2293  -0.589385  -1.86489  
2294  0.192389  -1.3758  
2295  -0.194187  -1.31959  
2296  -0.268491  -1.44763  
2297  -1.34612  -0.305836  
2298  0.663394  -0.603408  
2299  0.0758831  -0.207129  
2300  0.966604  1.196  
2301  -2.00276  -0.519794  
2302  0.892098  -0.0397484  
2303  0.830265  -0.602612  
2304  -2.59621  -0.546944  
2305  -7.05099  2.1811  
2306  1.06064  -0.844128  
2307  0.306667  -1.08952  
2308  0.805662  -0.849143  
2309  1.13484  -0.720245  
2310  0.258238  -1.29056  
2311  0.505925  -0.79943  
2312  1.28333  -0.732762  
2313  -0.689721  -0.750744  
2314  1.3434  -0.953182  
2315  1.06195  -0.941745  
2316  0.243011  -0.956448  
2317  -2.87067  -2.01624  
2318  -2.40744  -1.09355  
2319  -0.897629  -1.92374  
2320  0.0484171  -1.46443  
2321  -0.154504  -1.85109  
2322  0.140355  -0.765418  
2323  1.03426  -0.420871  
2324  0.5432  -0.769231  
2325  0.00526079  0.738992  
2326  0.844504  0.291656  
2327  0.131059  0.145133  
2328  0.134506  -0.0958348  
2329  1.02105  -0.70732  
2330  0.336805  -1.25084  
2331  -0.421091  -0.768547  
2332  -4.39552  -1.93743  
2333  0.477945  -0.324538  
2334  0.813935  -0.433156  
2335  0.0937193  -1.00098  
2336  -0.875652  -0.279886  
2337  -0.424647  -0.402816  
2338  -1.3629  -0.994539  
2339  -8.149  1.42405  
2340  -2.79925  -1.93877  
2341  -2.15734  -1.38345  
2342  0.277533  -0.846137  
2343  0.649019  -1.095  
2344  -0.385724  -0.893115  
2345  0.65624  -0.234014  
2346  0.745203  -1.25443  
2347  0.146261  -0.872114  
2348  0.581474  0.0939198  
2349  1.23706  -0.596142  
2350  0.126911  -1.07535  
2351  0.764498  -0.567913  
2352  0.264834  -0.974691  
2353  0.123487  -0.798118  
2354  0.493246  -1.61935  
2355  -0.629621  -0.947877  
2356  -0.213038  -1.13308  
2357  1.33788  0.0486274  
2358  0.453265  -0.4009  
2359  0.828844  -0.0878487  
2360  0.886367  -0.539389  
2361  -0.706591  -0.208942  
2362  0.0618132  -0.257796  
2363  0.865053  -1.10495  
2364  -0.474377  -0.232864  
2365  1.22986  -0.0804579  
2366  -0.214202  -1.08174  
2367  0.197022  -0.92225  
2368  0.389511  -1.23193  
2369  -2.14013  6.76029  
2370  -0.954619  -1.0733  
2371  -0.0924651  -1.23331  
2372  -2.27705  -1.40189  
2373  0.147375  -1.27861  
2374  0.0886193  -1.69429  
2375  -0.214098  -1.12  
2376  0.354562  -1.12793  
2377  -0.952056  -0.895296  
2378  0.627346  -1.24756  
2379  -0.210374  -0.606392  
2380  -0.230783  -1.35681  
2381  0.736322  -0.661931  
2382  0.398257  -1.41262  
2383  -1.00997  -0.424809  
2384  0.606821  -0.32671  
2385  -0.147239  -1.27565  
2386  -1.75186  -1.75929  
2387  -2.50222  -1.76345  
2388  -2.41066  -1.37115  
2389  0.537173  -1.01844  
2390  0.187739  -1.54667  
2391  -0.720971  -0.857401  
2392  1.05496  -1.2627  
2393  -4.81863  0.482912  
2394  0.395877  -1.06735  
2395  0.657292  -0.60767  
2396  0.0351261  -1.06215  
2397  1.05051  -0.744487  
2398  0.33875  -1.1908  
2399  0.736786  -0.400441  
2400  0.0803326  -0.413979  
2401  0.371044  -0.939749  
2402  -0.0202541  -1.88473  
2403  0.748651  -1.19035  
2404  0.000225086  -0.937393  
2405  0.906314  -0.584814  
2406  -0.464455  -1.14038  
2407  -3.459  0.76134  
2408  1.17602  -0.43231  
2409  -0.396572  -0.422693  
2410  -1.53259  -0.785681  
2411  -0.384015  -0.831349  
2412  -0.963519  -1.1261  
2413  0.610795  -0.91994  
2414  0.305001  -0.0234851  
2415  -0.257174  -0.47611  
2416  0.31337  -0.656483  
2417  -0.241669  0.366727  
2418  -0.47595  2.57507  
2419  -1.66986  -1.54042  
2420  -0.852746  -1.3103  
2421  -1.5077  0.272826  
2422  -2.98749  0.31665  
2423  -0.37182  -0.454889  
2424  -0.623642  0.39359  
2425  3.12133  4.66553  
2426  0.851945  -1.02732  
2427  0.369714  -1.02792  
2428  -5.75987  0.392567  
2429  -0.147987  -0.900471  
2430  -2.98844  -0.554374  
2431  0.0414844  0.140057  
2432  -0.894392  -2.342  
2433  -1.97391  -1.11369  
2434  -1.35163  -0.150403  
2435  -0.425001  -0.617715  
2436  -1.07837  -0.256894  
2437  0.388468  0.155094  
2438  0.581424  0.53074  
2439  0.874324  -0.721213  
2440  2.59514  1.03193  
2441  -1.64669  -1.74363  
2442  1.44934  -0.634174  
2443  -0.523907  -1.94953  
2444  0.426252  -1.51196  
2445  0.375382  -0.786671  
2446  0.119095  -1.2667  
2447  1.03815  -0.222294  
2448  0.119882  -0.0640447  
2449  0.447114  -0.824503  
2450  0.262506  -0.103229  
2451  0.110718  -1.26468  
2452  -0.607447  -1.33896  
2453  -2.4255  -0.749332  
2454  -1.74021  -2.66921  
2455  -0.891072  -1.83491  
2456  -0.65241  -1.1958  
2457  0.767501  -1.22075  
2458  -0.554691  -0.758933  
2459  -0.409585  -1.25421  
2460  0.581373  -0.486001  
2461  0.10425  -1.19005  
2462  -4.41492  2.33104  
2463  -0.170358  -0.693096  
2464  -0.720016  -1.12374  
2465  -0.396586  -0.751455  
2466  -3.07887  -0.780911  
2467  -4.45763  1.36544  
2468  -2.02731  -0.130541  
2469  -0.962794  -0.658723  
2470  -1.0718  -0.347744  
2471  -2.33783  -0.598247  
2472  -2.86892  3.53603  
2473  -1.24841  0.12776  
2474  -2.53793  -0.136857  
2475  -6.75072  1.56374  
2476  -5.08447  -0.96302  
2477  -2.69101  -1.50265  
2478  -3.27483  -0.19286  
2479  -4.58798  0.164186  
2480  -1.74193  -0.872071  
2481  -2.22569  -1.24466  
2482  -3.0873  -0.22719  
2483  -4.53768  0.461762  
2484  -5.86521  0.928829  
2485  -3.2993  0.473045  
2486  -3.5488  1.01739  
2487  -2.15147  -1.55303  
2488  -1.22583  -0.591325  
2489  -0.202995  -1.05107  
2490  -1.34513  -0.669091  
2491  -0.56036  -0.732974  
2492  -1.44057  -0.72825  
2493  -1.83596  -0.31962  
2494  -4.17718  -0.240381  
2495  -9.72918  6.10157  
2496  -10.1347  6.01673  
2497  -2.27432  -0.486062  
2498  -1.79357  -0.599044  
2499  -4.62177  0.117026  
2500  -4.98149  -0.721824  
2501  -3.27329  -1.3253  
2502  -2.80322  -1.14425  
2503  -1.9229  -0.797414  
2504  -2.90428  -1.75766  
2505  -2.06873  -0.992152  
2506  -1.23066  -1.06915  
2507  -1.07805  -0.544663  
2508  -1.88788  -0.640239  
2509  0.591754  -0.75743  
2510  -3.60202  0.344633  
2511  -0.0496821  -0.852602  
2512  0.795267  -0.835739  
2513  -1.72533  -0.83539  
2514  -2.13315  -1.34647  
2515  -3.42346  -1.96102  
2516  -5.14518  0.0568065  
2517  -2.58568  -0.552243  
2518  -2.54836  -0.624146  
2519  -9.34842  1.43196  
2520  -1.95114  -0.947663  
2521  -1.35979  -0.140034  
2522  -1.6971  -0.0589731  
2523  -1.64184  -1.12071  
2524  -1.46414  -0.634642  
2525  -2.2717  -1.21555  
2526  -3.18928  0.391666  
2527  -1.8287  -0.514409  
2528  -1.17356  -0.298476  
2529  -1.78276  -0.504229  
2530  -2.019  -0.223365  
2531  -1.69796  -0.849824  
2532  -1.98119  -0.435812  
2533  -3.64033  -0.832016  
2534  -3.96113  -1.53029  
2535  -2.5123  -1.27411  
2536  -1.35231  1.82111  
2537  -2.95822  -1.53739  
2538  -1.04564  -0.778708  
2539  -1.24304  -1.2348  
2540  -3.887  -0.421942  
2541  -1.71474  -0.247533  
2542  -0.402427  -0.374929  
2543  -1.0059  0.332145  
2544  -1.68967  -0.212147  
2545  -1.37375  -0.44157  
2546  -1.47614  -0.327882  
2547  -1.11627  -0.664369  
2548  -1.74016  -0.454668  
2549  -1.52743  -1.29873  
2550  -1.14075  0.103604  
2551  -2.18911  -0.936727  
2552  -0.608001  -0.59513  
2553  -1.68271  -0.114458  
2554  -1.76389  -1.57398  
2555  -1.25284  -0.827634  
2556  -1.51284  -1.1358  
2557  -1.50156  -2.3194  
2558  -1.24538  -0.282549  
2559  -0.535515  -1.45117  
2560  -1.37938  -0.78004  
2561  -1.61406  -0.813319  
2562  -0.680381  -0.842387  
2563  -0.552301  -0.615538  
2564  -0.907567  -0.364365  
2565  -1.38403  -1.09516  
2566  -0.201475  -0.353424  
2567  -1.24946  -1.00682  
2568  -0.300813  -0.674796  
2569  -0.739254  0.413575  
2570  -1.05925  -1.08533  
2571  -0.392809  -0.36969  
2572  -1.00483  -0.478006  
2573  -1.75805  -0.587214  
2574  -1.4261  -0.808859  
2575  -0.77886  -1.12602  
2576  -1.97803  -0.761704  
2577  -0.580174  -0.631377  
2578  -1.25436  -0.649858  
2579  -1.28492  -1.62066  
2580  -0.668912  -0.600156  
2581  -2.30134  -1.50432  
2582  -0.460698  -1.21747  
2583  -0.942636  0.0454301  
2584  -3.36277  -1.82449  
2585  -0.789098  -0.315203  
2586  -1.44039  -0.655657  
2587  -0.772054  0.744154  
2588  -2.01163  -0.960536  
2589  -1.62411  -1.17684  
2590  -3.60901  -1.57233  
2591  -1.71468  -1.30957  
2592  -1.85078  -0.705361  
2593  -1.60542  -1.46323  
2594  -1.85733  -0.504408  
2595  -2.0581  -0.958532  
2596  -2.13207  -0.690379  
2597  -2.42059  -0.671894  
2598  -2.07834  -1.73734  
2599  -2.04099  -0.56532  
2600  -1.25083  -1.04102  
2601  -0.654919  -0.308575  
2602  -1.86646  -0.416895  
2603  -0.685362  -0.680869  
2604  -2.29589  -1.143  
2605  -1.47441  -1.41543  
2606  -1.73292  -0.549589  
2607  -1.72734  -1.18102  
2608  -1.58647  -0.767331  
2609  -1.56772  -0.687423  
2610  -6.49117  1.76309  
2611  -5.61416  0.744728  
2612  -3.05179  -0.278758  
2613  -3.31331  -1.70744  
2614  -1.47938  -1.0776  
2615  -1.54996  -0.48047  
2616  -1.80316  -1.64854  
2617  -1.79158  -0.501974  
2618  -1.30416  -0.771672  
2619  -1.4003  -0.443464  
2620  -2.10498  -0.479501  
2621  -1.52539  0.0732205  
2622  -3.11611  -0.522631  
2623  -2.82485  -1.3352  
2624  -2.20415  -0.39964  
2625  -1.91586  -1.60703  
2626  -2.02442  -1.09368  
2627  -1.49683  -1.05789  
2628  -1.21954  -1.24137  
2629  -1.36924  -0.0339332  
2630  -3.0002  -1.99923  
2631  -2.12368  -0.28202  
2632  -1.95366  -0.605791  
2633  -1.42332  -1.44906  
2634  -1.60686  0.00997169  
2635  -1.26447  -0.740161  
2636  -1.51459  -1.93882  
2637  -2.89074  -0.178789  
2638  -4.19032  -0.28374  
2639  -1.97173  -2.36852  
2640  -6.05538  0.628  
2641  -2.56896  -2.68862  
2642  -0.830622  -1.12144  
2643  -1.99572  -0.83133  
2644  -3.33075  -0.0785258  
2645  1.13548  16.062  
2646  -10.0806  0.274617  
2647  -3.99084  -0.879916  
2648  -1.37461  -0.54936  
2649  -1.39699  -0.967572  
2650  -1.7908  -0.13529  
2651  -1.84352  -0.920926  
2652  -1.98807  -1.25259  
2653  -2.38889  0.378504  
2654  -2.9056  -0.521648  
2655  -4.14455  -0.593157  
2656  -3.85204  -0.750443  
2657  0.244829  -2.98707  
2658  -1.88381  -0.358425  
2659  -2.07173  -1.13601  
2660  -1.08095  -1.24955  
2661  -2.39435  -0.821669  
2662  -1.1557  -1.16723  
2663  -1.75012  -1.04286  
2664  -2.56897  -0.728533  
2665  -2.55571  -1.69693  
2666  -2.76084  -1.74858  
2667  -3.66321  -1.45658  
2668  -1.73868  -0.72365  
2669  -1.72863  -1.65498  
2670  -1.42257  -0.605353  
2671  -2.41169  -0.683496  
2672  -3.26386  -0.861038  
2673  -2.41926  -0.9311  
2674  -6.35686  -0.130819  
2675  -4.59914  -0.118892  
2676  -3.49581  -0.468628  
2677  -4.13811  -0.13291  
2678  -2.83065  -1.36542  
2679  -1.42075  -1.66604  
2680  -2.27852  -0.994822  
2681  -1.38902  -2.01593  
2682  -1.45475  -0.280424  
2683  -1.34227  -0.859099  
2684  -0.171374  -0.47257  
2685  -1.66333  -0.174227  
2686  -1.29007  -0.861776  
2687  -0.689327  0.316184  
2688  -1.05454  -1.08428  
2689  -1.3803  -0.574151  
2690  -1.36829  -0.651438  
2691  -0.999237  -1.41218  
2692  -1.3291  -1.10503  
2693  -1.63948  -0.69243  
2694  -2.11425  -1.11706  
2695  -1.02233  -1.49239  
2696  -1.42282  -0.519805  
2697  -1.11993  -0.622871  
2698  -1.34633  -1.69182  
2699  -2.04614  0.184847  
2700  -0.837253  -0.730516  
2701  -1.55746  -0.265287  
2702  -0.884972  0.800809  
2703  -1.79344  -0.587433  
2704  -0.704298  0.644712  
2705  -1.45428  -0.0235827  
2706  -1.16395  -0.7224  
2707  -1.37686  -0.0589675  
2708  -2.6791  -0.3055  
2709  -3.36626  -1.09004  
2710  -3.59281  -1.35661  
2711  -3.8864  -0.973926  
2712  -12.6886  -2.51339  
2713  -3.53364  -1.62234  
2714  -4.69055  -1.85187  
2715  -3.56694  -0.278494  
2716  -4.05612  -1.14579  
2717  -2.26927  -1.41122  
2718  -4.29858  -0.558106  
2719  -4.05096  -1.04418  
2720  -3.51427  -1.21151  
2721  -2.55476  -0.577564  
2722  -2.52744  -0.014374  
2723  -3.92261  -1.63878  
2724  -5.61611  -2.51697  
2725  -2.66623  -0.781692  
2726  -2.08023  -0.646051  
2727  -4.06448  -0.822667  
2728  -3.12854  -0.391768  
2729  -1.7197  -0.262609  
2730  -1.05381  -1.28131  
2731  -2.10812  -1.41555  
2732  -1.45131  -0.741799  
2733  -3.01729  -1.7727  
2734  -1.1272  0.528276  
2735  -7.93114  0.280409  
2736  -1.98102  -1.0243  
2737  -1.26715  -0.485098  
2738  -2.33865  -1.81079  
2739  -1.38468  -1.71179  
2740  -0.539202  -1.5415  
2741  -1.35358  -1.48881  
2742  -1.99974  -0.443897  
2743  -1.87041  -0.563777  
2744  -1.51714  -0.00564088  
2745  -4.0345  -2.10779  
2746  -3.50411  -2.1049  
2747  -2.23436  -0.814985  
2748  -2.27171  -1.46681  
2749  -2.09201  -1.23052  
2750  -2.64964  -1.41692  
2751  -2.61111  -1.00271  
2752  -2.36362  -0.614019  
2753  -3.45436  -1.25157  
2754  -2.27657  -0.697022  
2755  -2.07755  -1.2356  
2756  -1.82638  -1.55004  
2757  -2.1656  -1.48472  
2758  -2.13583  -0.968036  
2759  -2.76362  -1.6214  
2760  -2.72102  -1.38072  
2761  -3.25633  -0.909979  
2762  -3.26645  -1.24726  
2763  -3.23984  -1.0653  
2764  -8.06078  0.824778  
2765  -4.89872  -0.158226  
2766  -3.64884  -1.72093  
2767  -2.22142  -0.813247  
2768  -2.35695  -1.06244  
2769  -1.45823  -0.78233  
2770  -1.1923  -1.17698  
2771  -1.58156  -0.811175  
2772  -2.19097  -1.89447  
2773  -2.52417  -0.991485  
2774  -4.52969  -0.982406  
2775  -2.54128  -1.24855  
2776  -2.19144  -1.21237  
2777  -2.32196  -1.06536  
2778  -4.54153  -1.03348  
2779  -6.39822  -2.70868  
2780  -3.38521  -1.2881  
2781  -3.1486  -1.42765  
2782  -3.34146  -0.540859  
2783  -2.44528  -1.66822  
2784  -3.12488  -0.435428  
2785  -1.96108  -0.961318  
2786  -2.22929  -0.975165  
2787  -4.13546  -0.806657  
2788  -5.3272  -1.10913  
2789  -6.0986  -0.0689573  
2790  -3.96634  -1.53193  
2791  -1.59972  -1.61659  
2792  -1.63415  -1.19043  
2793  -1.20487  -1.57977  
2794  -1.59873  -1.68112  
2795  -1.2349  -0.735431  
2796  -1.4038  -1.85478  
2797  -3.922  -0.025623  
2798  -4.71928  -0.423216  
2799  -3.19715  -1.2541  
2800  -2.0547  -0.972375  
2801  -1.57145  -1.44663  
2802  -0.530206  -1.21813  
2803  -1.53445  -1.31683  
2804  -1.00996  -0.355938  
2805  -0.808196  -1.50023  
2806  -1.24075  -0.982049  
2807  -1.97716  -1.87396  
2808  -2.21646  -0.853203  
2809  -1.94681  -1.49742  
2810  -1.94299  -1.08047  
2811  -2.11444  -1.18643  
2812  -2.09706  -1.2885  
2813  -2.69668  -0.932929  
2814  -2.71317  -0.624578  
2815  -3.174  -1.27211  
2816  -4.91936  -0.907189  
2817  -3.36813  -0.540799  
2818  -4.68039  -2.10854  
2819  -3.12364  -0.136109  
2820  -4.83286  -2.80242  
2821  -3.73631  -1.9542  
2822  -3.2001  -1.44263  
2823  -2.83572  -1.67943  
2824  -2.07835  -0.772845  
2825  -3.44283  -1.28672  
2826  -1.90694  -0.661858  
2827  -2.88903  -0.802334  
2828  -5.85418  -0.55034  
2829  -8.44419  1.53351  
2830  -3.45694  -1.20811  
2831  -3.29962  -0.85035  
2832  -2.29503  -0.217867  
2833  -2.69164  -0.990767  
2834  -1.5733  -0.0606002  
2835  -2.80028  -0.708638  
2836  -2.33869  -0.330345  
2837  -4.21587  -0.428307  
2838  -5.37888  -0.815706  
2839  -5.16163  -1.02069  
2840  -3.54399  -1.3147  
2841  -3.07056  -0.48574  
2842  -2.71309  -1.01046  
2843  -2.94504  -0.422135  
2844  -3.39161  -0.873389  
2845  -2.52649  -0.498344  
2846  -3.08317  -0.657834  
2847  -2.08865  -0.48084  
2848  -3.6109  -0.812279  
2849  -2.27988  0.178076  
2850  -3.75212  -1.23074  
2851  -4.08302  -0.952162  
2852  -3.11874  -1.20727  
2853  -3.21685  -1.65344  
2854  -2.88782  -0.889937  
2855  -3.54505  -1.24572  
2856  -4.54143  -0.034271  
2857  -3.42103  -0.738912  
2858  -3.73881  3.17791  
2859  -3.91352  -1.52859  
2860  -2.98194  -0.641565  
2861  -2.71896  -0.958565  
2862  -2.65526  -0.598173  
2863  -2.82499  -1.86078  
2864  -2.76627  -0.639575  
2865  -3.10202  -0.866978  
2866  -3.06205  -1.9134  
2867  -3.94883  -0.513345  
2868  -4.71087  -1.45116  
2869  -5.33654  -2.23156  
2870  -6.17927  -2.9143  
2871  -6.63648  -3.71295  
2872  -3.71199  -0.922101  
2873  -5.21372  -0.664066  
2874  -4.27003  -1.45546  
2875  -3.80029  -1.14773  
2876  -5.66219  -0.538498  
2877  -9.67585  1.56963  
2878  -4.98564  -0.958131  
2879  -5.19887  -2.24706  
2880  -3.86657  -0.991283  
2881  -3.12858  -0.678235  
2882  -4.19378  -0.901921  
2883  -4.83929  -1.60287  
2884  -4.17679  -1.63025  
2885  -4.40187  -1.92106  
2886  -4.52112  -1.50489  
2887  -3.10175  -1.33079  
2888  -2.45333  -0.61903  
2889  -2.44452  -0.902559  
2890  -3.39191  -0.953438  
2891  -4.59429  -1.53788  
2892  -4.58005  -1.11146  
2893  -3.636  -0.481006  
2894  -4.00039  -0.225687  
2895  -4.08728  -0.518723  
2896  -4.13279  -0.696514  
2897  -4.72004  -0.314673  
2898  -4.27782  -1.36634  
2899  -4.76451  -0.814828  
2900  -4.84817  -0.95046  
2901  -4.99587  -2.42785  
2902  -5.78757  -1.94152  
2903  -8.82372  -1.64323  
2904  -8.23456  -2.4755  
2905  -5.47135  -1.09356  
2906  -3.7349  -1.09715  
2907  -5.37443  -0.825684  
2908  -4.28435  -0.368201  
2909  -4.12894  -0.821004  
2910  -6.50457  -1.85229  
2911  -4.88057  0.201432  
2912  -3.47073  -0.0668687  
2913  -3.76666  -0.365829  
2914  -5.31932  -1.2338  
2915  -4.24807  0.0946915  
2916  -3.3498  0.105637  
2917  -3.29187  -0.803591  
2918  -3.41802  -0.114972  
2919  -3.08748  -1.08616  
2920  -3.18169  -0.407603  
2921  -3.66032  -0.734123  
2922  -3.57409  0.266824  
2923  -3.69852  -3.12605  
2924  -4.05591  -3.22027  
2925  -3.94592  -0.942714  
2926  -3.80124  -1.69164  
2927  -3.89795  -0.649111  
2928  -2.97964  0.175642  
2929  -4.24197  -1.12312  
2930  -4.61641  -0.658822  
2931  -3.37714  -0.917701  
2932  -6.60856  1.9191  
2933  -4.39432  0.860928  
2934  -3.6431  0.0890081  
2935  -4.67198  -0.323591  
2936  -3.43501  0.184691  
2937  -10.6493  1.88926  
2938  -8.49513  1.45874  
2939  -3.56566  0.113393  
2940  -2.39941  -0.443791  
2941  -2.49165  0.140058  
2942  -2.15619  -0.651404  
2943  -1.9892  -0.657929  
2944  -2.82137  -0.375449  
2945  -2.78466  -1.13229  
2946  -2.62603  0.0270752  
2947  -3.04154  -1.12181  
2948  -3.09719  0.0553109  
2949  -3.09823  -1.14374  
2950  -4.63467  -1.70121  
2951  -7.96822  0.252327  
2952  -4.15573  -0.913912  
2953  -3.65945  -1.71426  
2954  -2.85668  -0.279673  
2955  -3.03052  -0.162915  
2956  -2.99503  -0.725157  
2957  -2.62253  0.641589  
2958  -2.73874  -0.899858  
2959  -2.78031  0.385567  
2960  -4.4591  0.341705  
2961  -3.21883  -0.993761  
2962  -4.89483  1.56904  
2963  -3.77387  -0.565693  
2964  -6.1177  -0.70672  
2965  -7.22892  0.0540199  
2966  -4.43909  -1.41848  
2967  -5.21593  0.821173  
2968  -3.7482  -1.44282  
2969  -4.1779  -1.22144  
2970  -3.94428  0.083543  
2971  -2.97571  -1.0486  
2972  -4.19094  -0.699306  
2973  -4.06689  -1.00029  
2974  -2.92503  -1.11616  
2975  -2.49241  0.439727  
2976  -3.22072  -0.264881  
2977  -2.56989  -0.569846  
2978  -7.55679  0.380368  
2979  -3.78225  -0.419833  
2980  -2.96502  -1.29125  
2981  -4.17364  0.566154  
2982  -2.79661  -1.54906  
2983  -3.58349  -0.923997  
2984  -5.6426  -1.44379  
2985  -6.53902  -0.312172  
2986  -3.74532  -0.919343  
2987  -3.9383  -0.846622  
2988  -4.18251  -0.840701  
2989  -3.88465  -1.34291  
2990  -4.80066  -0.387161  
2991  -4.54089  -1.27743  
2992  -4.08156  -0.0700467  
2993  -2.63915  -0.867999  
2994  -3.05861  -0.0570937  
2995  -2.69682  0.265613  
2996  -2.43222  -0.340127  
2997  -3.34233  0.749634  
2998  -2.82079  -1.73183  
2999  -2.72836  0.0561857  
3000  -3.61438  -1.37667  
3001  -3.04548  -1.00876  
3002  -3.40732  -0.2633  
3003  -3.6882  -1.31945  
3004  -4.26136  0.0750209  
3005  -3.07547  -0.92553  
3006  -4.40948  -0.661037  
3007  -4.10029  -0.43448  
3008  -3.8419  -1.15053  
3009  -3.2787  0.124168  
3010  -2.66556  -1.98998  
3011  -3.02835  0.0797989  
3012  -3.78533  -0.816138  
3013  -2.78079  -1.62134  
3014  -4.35687  -0.728695  
3015  -3.3673  -3.55485  
3016  -4.29631  -0.815878  
3017  -3.82044  -1.67747  
3018  -8.07827  -1.02355  
3019  -6.00026  0.127551  
3020  -4.06384  -2.18978  
3021  -5.33527  0.179569  
3022  -3.85834  -0.404383  
3023  -2.65466  -0.294607  
3024  -3.52838  -0.159807  
3025  -2.22667  -1.20337  
3026  -2.92512  0.0917156  
3027  -2.85784  -0.902733  
3028  -2.11924  -0.26076  
3029  -3.56173  0.0918863  
3030  -1.36902  -0.688203  
3031  -2.39213  0.517436  
3032  -2.68617  0.0616393  
3033  -1.95152  0.0687147  
3034  -2.61739  0.0232848  
3035  -2.34687  -0.792125  
3036  -2.12314  0.00442503  
3037  -3.79976  -0.970325  
3038  -1.82266  -0.761185  
3039  -3.01239  -0.0699427  
3040  -2.66328  -0.17383  
3041  -1.3297  1.31421  
3042  -3.64748  -0.422815  
3043  -2.65465  -1.14992  
3044  -2.4896  -0.598789  
3045  -3.22882  0.499006  
3046  -2.92475  -2.11911  
3047  -3.03082  -0.882183  
3048  -3.1186  -0.09762  
3049  -1.90649  -0.943787  
3050  -3.88909  -0.32549  
3051  -2.51516  -0.850728  
3052  -1.57679  0.693967  
3053  -3.10268  -0.390173  
3054  -1.92937  -0.369413  
3055  -2.91675  0.168779  
3056  -2.77973  0.0135167  
3057  -1.79405  -1.1744  
3058  -2.20669  -0.219179  
3059  -3.32005  -0.659292  
3060  -1.37814  -0.32592  
